-6.598388682767817315e-01
3.577702880455841949e+00
3.101859088480976467e+00
-3.798614808083291550e-01
2.984094817899917373e+00
2.554318453503785946e+00
4.091168855629756962e+00
-4.913863714003277039e-01
4.323445180959142320e-01
3.306957487922142391e+00
-3.529075006352972999e+00
-2.898549296641182771e+00
-2.737516579300185438e+00
-2.657465224832611383e-01
1.157284815189155935e+00
1.105941398961023836e+00
3.346017804367848569e+00
-1.800264752575999605e+00
1.012529841458297497e+00
4.509386023541367194e+00
-2.306952766815340006e+00
-9.500722430215704506e-01
1.466180409721141942e+00
-3.830881401093040317e+00
1.586627845384604996e-01
-3.753197295813688328e-01
-4.799340361098542118e+00
1.310113804532267778e+00
-1.426435667584598832e+00
3.917146031837022591e+00
4.882942630827914243e+00
-2.151621518902386843e+00
-2.345210162611019999e+00
2.084867403902447514e+00
4.325383369036449821e+00
-4.102246293962208412e-01
3.055285779751290676e+00
-3.663175077594182927e+00
3.492927713165723702e+00
3.763524751294649917e+00
3.679424402403160599e+00
-4.855819640137504223e-02
4.395055311895436745e+00
-3.383090674532844844e+00
6.665596043261645676e-01
3.689335006285235252e+00
1.010718699606627524e-01
2.076634105093235760e+00
-2.926321663915238958e-01
3.909619667496311735e+00
2.031491998891646666e+00
1.609604325429664584e+00
4.298590708087886014e+00
4.348313819880898379e+00
3.515857200652979131e+00
-3.897366353732751865e+00
3.296170147189616983e+00
4.057196665244161338e+00
-9.873644243970964851e-01
-1.593017263199310030e+00
-1.471916311613008510e+00
-1.928396135393937172e-01
2.143395138019732471e-01
-1.267407300887396282e+00
-3.047749228741460037e+00
-4.863209856879061377e+00
-6.848697530149507884e-01
-4.355754581541493309e-02
7.898447396504462148e-01
-6.725004741852202983e-01
-1.810581265646590055e+00
1.124339311751373138e+00
4.928645272486459561e+00
-1.921210000520389372e+00
-4.850833468342788279e+00
5.776401730515914323e-01
3.133706282804835652e+00
-8.706483613428463997e-01
1.486243556889629502e+00
-4.983174678010938941e+00
4.406798387162355723e+00
-4.363159054693339201e+00
1.766632766887212824e-01
3.875735184457724358e+00
-1.611363527508050453e+00
-5.285465287669852685e-01
-4.828326899052269638e+00
-2.863262978231189138e+00
-3.276164931629411470e+00
-3.738225249597075805e+00
3.956742591520200136e+00
4.969631395501215465e+00
-3.269716013168413316e+00
-5.288414011855149255e-01
2.505278820542341300e+00
-3.060709867154148611e+00
