2.510169215137381116e-01
-3.554733269832741627e+00
-2.339664431340604533e+00
-7.577302215814496478e-01
2.232768914587229148e+00
2.398066631082384603e+00
-9.872011795916160182e-01
-3.618884991162016895e+00
5.766607936718219918e-01
4.432977684217878078e-01
2.075196200281503423e+00
-3.466545962524703040e+00
-1.547550751504345179e+00
1.675147592499587113e+00
-3.037811673214108055e-01
4.504642472200293568e+00
-2.476856647349627849e+00
3.686923108666457338e+00
-4.323844955448388205e+00
-1.522791332867381442e-01
-3.864889307303388755e+00
2.123607833166998304e-01
4.502731157472473100e+00
4.946929230586992077e+00
1.409691719082885264e+00
-3.309621307007148960e+00
-3.813369345561859802e+00
-4.893911283127772904e+00
9.411575051042682105e-01
-1.081103592825213511e+00
3.249377386032534787e-01
4.952664311591647106e+00
-4.436040392565681501e+00
1.321153245442423518e+00
-1.786050140992733404e+00
2.187974206748464212e-01
-2.204905210608077759e+00
1.672993558373004674e+00
2.300607611689544640e-01
2.040114659271493380e+00
-7.801133702483999954e-01
4.546260620250835771e+00
-2.636602241115783229e+00
-4.469427381331517068e+00
-3.406846668678997769e+00
1.765962409198710503e+00
3.404583965028567860e+00
-2.879726606762456065e+00
4.966038519729385925e+00
1.800838106914543602e+00
1.960370966239684876e+00
-4.633482995540996185e-01
-3.940427291585966163e+00
2.211296929116508991e+00
3.823160148474487485e+00
2.190058272983926635e+00
2.230063760347186452e+00
4.013981167315108678e+00
1.412072577844568855e+00
7.195708926329471566e-01
1.357026950028052958e+00
5.948794259459546652e-01
3.262096699060270666e-01
4.029047897906973930e+00
2.672395589696527018e+00
-2.173766283289408907e+00
3.641341563907797507e+00
-3.502135263887536709e+00
3.659427058895497353e+00
4.330719518394037237e-01
4.494974159867579644e+00
2.545244625562147256e+00
2.929887268778417209e-01
1.459811986008156204e+00
-4.372552518053640647e+00
4.962184620683071756e+00
2.758045088784259136e+00
-3.001334351060132910e+00
-1.412073047566013706e+00
1.030934037038545803e+00
3.821546645249437546e+00
2.909131046356369765e+00
8.073705989868766864e-01
-2.176402487037769617e+00
-1.291623750175482144e+00
-1.032637359681741529e+00
2.964823334990491333e+00
2.649908100378181253e+00
-2.824915354984844917e+00
7.588622820634132182e-01
3.217464324185099755e+00
4.270716413919762644e+00
2.066983251178521108e+00
-4.673628639759730419e-02
-4.399936091307566244e+00
-4.313280793719198591e+00
