2.442756124748459712e+00
1.172520076980214654e+00
-3.811272994490237931e+00
-2.127667516290393301e+00
-2.079966680942735291e+00
-2.588970501842755567e-01
-1.034992986218973066e+00
4.191977378937311371e+00
-1.911116920608705527e+00
4.039399601475047064e+00
1.413990973837986331e-01
2.722489665403181824e+00
-1.003043785205983696e-01
-3.085180453545840251e+00
3.517218753020443955e+00
7.259843202309168575e-01
-1.670467971617701775e+00
9.868927247939716096e-01
9.841790659767122307e-01
-3.286593921971092680e+00
-3.023939070836378917e+00
-4.533684823953247012e+00
2.790225129666072057e+00
4.424923785810630505e+00
-2.295190765766990992e+00
-1.299082062044389918e+00
-3.789097257953692122e+00
-2.410069586942920949e+00
-3.502713900521258417e+00
3.688314632756052092e+00
1.411072945938035339e+00
-8.264910847786799408e-01
4.981371351262202651e+00
1.475196821315862827e+00
4.159706635481629888e+00
-2.399525046440071030e+00
-3.999208049265419174e+00
-4.018839744753086585e+00
1.711567754537863806e-01
2.929833057335722302e+00
8.800503744956156282e-01
4.457293884039286169e+00
3.434511382787029277e+00
-4.594604693414234831e+00
1.755085397883861198e+00
-2.556062921437418645e+00
3.434063447888940246e+00
-2.847134699202324981e+00
-1.762694371815725081e+00
2.201794849395247944e+00
4.750635120675852363e-01
4.440021126823026520e+00
-3.852974989301144682e+00
3.963853577605432221e+00
-2.286366309015028797e+00
-2.400321438926461326e+00
-1.189983628189096088e+00
-2.748675275382879146e+00
3.914149248285630378e+00
-4.932631742420890752e+00
-3.734977244983404887e+00
4.948690816696844408e+00
2.508798651137889912e+00
-1.780697342316334364e+00
4.503910635231079596e+00
2.136238877850527018e-02
-1.616564206026946948e-01
-1.769682283861877536e+00
2.930497087841228421e+00
-1.216525103328283119e+00
-3.823254740060051393e+00
-3.103232331680476630e+00
4.658422081789032276e+00
-1.711202305125704370e+00
-3.565672867970089754e+00
1.154020952200607297e-02
1.789536237047862244e+00
1.306555050149208697e+00
2.105416932372802918e+00
3.070120587258143630e+00
1.534657107590290614e+00
1.473659051757455707e+00
2.270594151320937115e-01
3.812715517107534424e-01
7.588477795377723822e-02
2.115166480351580169e+00
-7.650873652401903868e-01
3.669996783148416597e+00
-3.552542307315746939e-01
2.365887410690329595e+00
1.039982300128955650e+00
-2.446976208140212439e+00
4.566086740678303002e+00
4.758037962829398282e+00
-3.642497484525870632e+00
7.136430757345042508e-01
