-3.947100576880784306e+00
-1.919712892475708976e+00
3.827234965874010797e+00
-3.000872769382977090e+00
-3.436387073099532508e+00
-2.506440776995264574e+00
-2.252751391841665285e+00
2.513846963588854067e+00
-1.211978187830389242e+00
-2.444749824831180529e+00
3.151673845820424091e-01
-2.014119808615639773e+00
-1.425714651808501543e+00
-3.740442675560450070e+00
-4.381770147935984738e+00
-2.391259434477305490e+00
1.339604296999532096e+00
-4.578487817390053394e-01
-7.759566153970283153e-01
-4.471094059783700558e+00
-4.223259316554663023e+00
-1.363660134669282264e+00
-8.532273406594264031e-01
2.946587229926977081e+00
2.919959179244965952e+00
2.117935945675090359e+00
3.599998796292267045e+00
2.306115014427402521e+00
4.404245246553927018e+00
-2.087643885519867570e+00
1.851397531730986756e+00
-9.619199496117385451e-01
-4.963507894537984910e+00
-2.292957288462655896e-01
-1.466376389223263743e+00
-1.371042831483078039e+00
1.960482511439400888e+00
-1.092391797930249098e+00
-8.135956079890824810e-01
-2.724377498366594708e-01
1.188363726739706472e+00
-4.363820492540071427e-02
-3.642596399594283163e+00
-1.686387670691499530e+00
5.094425773203017371e-01
4.447084384235747478e+00
-4.555177937230237006e+00
-2.435344426302574750e+00
1.493547831718958996e+00
-3.394432945394241230e-01
-2.120463849001863466e+00
1.621742922121277353e+00
-3.397612550768106310e+00
-4.600216714616447433e-01
-3.487583392449709940e+00
3.089350522906979535e-01
2.121580478276738901e-01
-4.312948650641067694e+00
-8.315658896000552858e-01
-4.890821873891502136e+00
3.194409335751144496e+00
-1.363750715943883307e+00
4.484341160082635724e+00
4.619196399918834572e+00
-1.343457739342752699e+00
-8.896536824591656512e-01
-2.702005736179926565e+00
3.999651158938156925e+00
-1.965878623102089939e+00
6.825168387509332746e-01
-3.160280451983028538e+00
-1.401890185027609093e+00
-1.608274537590987929e+00
1.433101819161737289e+00
-4.971025489633904115e+00
3.546897685232677233e+00
2.432061979364455340e+00
-1.074710045174365192e+00
-6.968153844347337866e-01
-3.449107708230194635e+00
-2.621170758187333583e+00
-5.576836583845121709e-01
-4.998774838171331503e+00
-4.171783371113360062e-01
-4.869372280105497275e+00
4.776900045414354423e+00
4.478596499384330798e-01
-3.214456072766702643e+00
-1.346267656107573707e+00
-2.240081847216306432e+00
8.546906211654956564e-01
4.603405880055932542e+00
-3.072985453670127320e+00
-3.746727342455518084e+00
-2.407228450690973354e+00
1.447980160602984512e+00
