2.632816648391144376e+00
1.092032635796149620e-01
2.622958111700385508e+00
-4.097293306670321655e+00
4.915700968007207905e+00
-1.361741501052611270e+00
9.763074743103752340e-01
-4.194822738952213470e+00
1.087319857727662153e-01
3.603203299907598023e-03
1.286543257780142113e+00
-4.462484925304686989e+00
-4.225994363573528645e+00
-4.369636747768563367e+00
1.156152771596836715e+00
2.115151840494381652e+00
-1.016155415314652366e+00
-4.976342792656466507e+00
2.040331212299931529e+00
9.129651631319166682e-01
2.160024429815299740e+00
-2.122342531662348986e+00
2.211957486970037579e+00
3.099154756251909504e-02
-6.887918189378154921e-01
1.707312843042104511e+00
2.045098540393780695e+00
1.917328615950514070e+00
-2.496235799253543330e+00
-3.666369410079710622e+00
1.904139704709441716e+00
-1.297272409645093827e+00
5.814509525579261151e-01
-4.622450519489412990e+00
2.360084722847837213e-01
-3.824599655662324071e+00
7.179232751816897462e-01
1.753965046571448028e+00
1.188305196709107392e+00
-3.825238677546831667e-01
1.829446537599705103e+00
-4.779425433655996258e+00
-3.326558604148370790e-01
3.135204993959737507e+00
3.142196950322256654e+00
2.092249363084120795e+00
-1.406589636861998116e+00
-8.028876886420741599e-01
2.882946357828668482e+00
3.249124167388913520e+00
1.227035681968164482e+00
-4.418837128228721767e+00
-2.988198962888502841e+00
-1.128358156654438726e+00
-4.998129767576770632e+00
-3.040617174249092614e+00
7.921023859088140995e-01
3.823193217119090548e+00
1.447545349969247219e+00
-8.865593705848890949e-01
2.108758142433933003e+00
-4.873314914219992744e+00
3.135972435925626911e+00
-4.219117601941402285e-02
4.670420635034657764e+00
2.342636326038636696e+00
-3.851576991672551742e+00
-3.780160557605103389e+00
3.299149338705154477e+00
-1.615955899915823224e+00
6.510305897019721399e-01
3.970823357673932463e+00
8.000101674932462714e-01
4.495789709425581648e-01
3.932160760541663080e-01
-6.327564715319686783e-01
-3.682679860643305325e+00
8.462225011919084494e-01
-6.201203855877253091e-01
6.952308904406034884e-02
-2.307464569346971750e+00
3.745173166846489821e+00
3.663913240069673449e+00
-8.749249072360409940e-01
-1.024617681569619521e+00
-3.874960067043339507e+00
4.310661545886615542e+00
2.896143591850800725e+00
5.385732661609186067e-01
-3.284852512313591877e+00
-3.182354012256085607e+00
-1.620630155049429533e-01
-2.470149208083065595e+00
-1.635630782177666109e+00
9.791621268471271122e-01
4.822729807015576853e+00
