3.269561938301135839e+00
3.489052418361401564e+00
-1.883407728783267565e+00
2.258759792073822936e+00
-4.227038690467814774e-01
-7.657180035126351925e-01
-1.132891756547191875e-01
-5.005236887294497450e-01
-4.080311076888337496e+00
-2.796035300244255062e+00
3.695152933622500413e+00
4.001248955160180643e+00
-3.468213216645010810e+00
4.761372058847479494e-01
-4.974558849016269768e+00
1.560260505865562308e+00
1.611683597322736361e+00
2.288167285724137301e+00
8.219316190740579842e-01
2.784995416847586114e+00
-4.000801038555127143e+00
-4.089607487828025967e+00
3.213272991181723270e+00
-4.900894377737309071e+00
-1.064654505712677945e+00
4.184616266853311117e+00
-4.500900146439916760e+00
-2.787289963340048082e+00
-4.721038399853774159e+00
1.670336439877226908e+00
-2.953885547856502924e+00
2.897521134082916561e+00
-1.545094764222327832e+00
-3.763262482288132205e+00
-2.428246931100253025e+00
4.206750844182199245e+00
-4.203838889054244632e+00
2.868521943406594943e+00
-1.738361937419909964e-01
-2.107253430189741650e+00
-2.688350225366695767e-01
-2.953734475173578566e+00
-4.231870282727241417e+00
-2.050083497598294890e+00
-1.278017719614323866e+00
-4.560753114611335590e+00
-3.279559007534971204e+00
-2.539632149656361193e+00
-4.111501509475074201e+00
-8.087069679955183332e-01
-1.449560952685664539e+00
-2.746304731595674564e+00
-2.629289832655183012e+00
-1.049358169163006060e+00
-4.452475132982335104e+00
2.158225364983897165e+00
3.300505803934299820e+00
1.664398081087731462e+00
3.331026691132585427e+00
-7.181984035287580781e-01
-3.978582372217275065e+00
4.068358085231142951e+00
-1.298399084157608740e-02
-2.314188384519393349e+00
2.132417331326381671e+00
9.621513645194825770e-01
-2.839026328375701347e+00
2.533615760706913633e+00
-3.389811269817416317e+00
7.343773970940929985e-01
1.480640984507709312e+00
3.160595779694119756e-01
-2.481059857636467303e+00
4.870114265384334118e+00
-2.673007523106582184e+00
2.152341169717111313e+00
3.957392902651893252e+00
-2.375951943437655256e+00
1.332634938528975965e-03
-4.274538907689603207e+00
4.095155124064724816e+00
-2.187051544573921369e+00
-3.748240453540447881e+00
-2.075129060813665216e+00
-4.438783892976605472e-02
2.759085218006767981e+00
-2.169495279734132698e+00
-3.005453467279173285e+00
-8.529531528929057416e-01
4.910414075029464698e+00
-1.258227002096949931e+00
4.741448793870254974e+00
-4.410869648754052186e+00
-2.496077899495783292e+00
4.447172416865541322e-03
2.524739469572319095e+00
