2.204341726390897094e-01
2.202120800617116458e+00
3.499654894738020161e+00
-2.651165466751606914e+00
4.727915524860058838e+00
4.167592327646314487e-01
-6.183142775335772612e-01
3.480313105009928520e+00
-3.767936244538505619e+00
-9.792908777900146688e-01
3.862286995276541290e+00
-3.484610626230341346e+00
-3.367810449551499552e+00
6.852956375802854438e-02
1.174815588674103850e+00
-5.229519491646321683e-01
-3.866876034962212216e+00
1.601871150004737565e+00
4.213104457611452247e+00
-3.338203850410668139e-01
2.133402093188939475e+00
-2.934551029424775415e+00
3.028830394835734907e+00
-1.754774412918549409e+00
-3.251747370276525384e+00
3.826703612686277012e+00
3.784248574998782644e+00
3.556637878451201829e+00
-3.708447778300252295e+00
4.906279407317072128e+00
-2.755301840835108429e+00
2.748663816125560544e+00
-1.919714661653024734e-01
-9.383449952984443954e-01
4.811408134512358714e+00
-4.858002818369242526e+00
1.859442578837215088e+00
-1.553795684772918406e-01
-1.633117518287918735e+00
-2.159593439371381152e+00
1.612839201453525106e+00
2.765853979225726178e+00
1.668626307454070812e+00
3.603149209121491836e+00
-4.934988934288140783e+00
-3.534665959098854948e+00
-2.175920125314789733e+00
3.848424459132804287e-02
-4.534876336989690060e+00
1.979398659444058239e+00
-2.672026428683783372e+00
7.196963215416962711e-01
1.318266907706121316e+00
1.146327672477365667e+00
-4.966557816893645061e+00
4.012461306397756999e+00
2.859125385259072338e+00
-2.676388419206459979e+00
2.179973207529464219e+00
-1.180208392605846868e+00
2.764670749634939639e+00
-3.214167906589905144e+00
1.740070340073364363e+00
-1.186496597497406214e-01
-3.469828052826873233e-01
-5.137768986408399741e-01
-2.389914539088218159e+00
-3.879354705191389030e-01
4.891279079591246415e-01
-4.246592126695735381e+00
1.730860731184359125e+00
-4.194214692020982405e+00
2.407706505888703497e+00
1.966793332406132855e+00
-4.934194471774546287e+00
-3.370874518289178390e+00
1.896987417484834459e+00
9.163322296054934313e-01
-2.047272329733316187e+00
5.950882203273719639e-01
-4.359371717891718845e+00
3.978917952689194237e+00
2.607479934021045054e+00
4.799971236430449650e+00
-4.688063563617026475e-01
-2.224479118760541496e+00
-1.869207615649593812e+00
2.057381458840583655e+00
-1.969501665409760793e+00
-3.775097980456737723e+00
3.482378875263007600e+00
3.769805448606520670e+00
1.630608529912919380e+00
2.248475632882295017e+00
4.417461923830501291e-01
9.026991097770569183e-01
