-3.809094334362033152e-01
3.327451619248744663e+00
2.516925172205587202e+00
2.443715941203292275e+00
-4.314586688776529400e-01
1.708896394756674653e+00
-2.557384822358691245e+00
-4.585863584014809646e+00
-2.298168392771042789e+00
2.363586937783176189e+00
-3.973333176793359733e+00
1.828423053051509761e+00
3.579591026157087796e+00
-2.960691552962896544e+00
2.909506659667265183e+00
-3.935713817728614394e+00
3.541219376758181880e+00
-3.778451446284570636e+00
-1.646861391826479615e+00
-3.262289535410332064e+00
-6.510619234191405980e-02
4.534310167457020313e+00
2.965129160322501178e+00
1.243069157476267783e+00
1.213421258905570177e+00
3.560218914786650757e+00
-2.973258465372890846e+00
4.950277035964239403e+00
2.691275379863487416e+00
1.622767533959015296e-01
3.726902656274308612e+00
-4.748247649075734600e+00
-3.030861564603517522e+00
3.984902633502784397e+00
-1.459637544348574067e+00
4.996923863880462946e+00
3.139355171512661968e+00
-2.290485289310453254e-01
2.070367571547324204e+00
-2.451725965331137402e+00
4.234935264601420002e+00
3.567334699429951073e+00
2.087725589512748670e+00
-1.035030287201380794e+00
-6.310372314656742532e-01
-1.645474647627989118e+00
8.994786090275574963e-02
-2.010952560468639572e+00
-1.048415186922551090e+00
1.300601035587015453e+00
2.646344785619749729e-01
-1.724407991257318251e+00
4.625818294887402260e+00
-3.566746839613694764e+00
3.502049395596845471e+00
3.991478971287330424e+00
3.952469185133058005e+00
-4.829790074475504014e-02
-2.812820961860577285e+00
-1.177460739092074604e+00
3.974829342703214863e+00
7.444495986389121356e-02
2.220862592090043108e+00
2.586788519555315524e+00
4.888402519875775454e+00
-3.906327011529263871e+00
4.492914107218853204e+00
4.094573356959587684e+00
-3.357812906024031374e+00
-1.984443193368754521e-01
-2.299678932998508785e+00
-3.216337728907689986e+00
1.074812135675102809e+00
-1.411296047347563309e+00
-4.720053902788519551e+00
-2.736792364436158920e+00
-4.651919118036925482e+00
-4.394240382528256106e-01
-3.171553987295237853e+00
-3.307397717313209640e-01
-1.954081190384271416e+00
2.467224225132959248e+00
2.591949926038417118e+00
-3.419543084644741882e+00
-2.947546152957047028e+00
-4.033951907855963803e+00
-4.829166771126010893e+00
2.293611865885255341e+00
-1.497558741437543528e+00
9.397436703119463886e-01
-4.721896720321686836e+00
-4.542868424555468465e+00
-2.399297035221088503e+00
-3.286373932546572618e+00
4.609858818657945889e+00
7.098236149294390174e-02
