-3.947100576880784306e+00
-8.249094055957781890e-01
8.691868348006117628e-01
2.216878247722455342e+00
3.334437782135468709e-01
-4.988116726013057445e+00
-3.299999901374683908e+00
4.111496496615968610e+00
-1.199397613322683576e+00
-1.347256963601438429e+00
-3.217964250184931707e+00
4.174593570482256766e-01
-3.142092370789649536e+00
-3.954791898710473319e+00
2.447824010271646422e+00
-4.512428804515109526e+00
2.744468074631977395e+00
-4.578487817390053394e-01
-2.176981853796475797e+00
-4.471094059783700558e+00
-4.223259316554663023e+00
-1.363660134669282264e+00
-8.532273406594264031e-01
2.946587229926977081e+00
-3.069255322252637530e+00
2.117935945675090359e+00
3.599998796292267045e+00
2.306115014427402521e+00
-3.213355637801708298e+00
-2.087643885519867570e+00
1.851397531730986756e+00
-8.589310266521543724e-02
-8.097188281285196965e-01
-2.292957288462655896e-01
-2.097682883571264867e+00
-1.371042831483078039e+00
3.993552239541918070e+00
-3.021376515280870478e+00
1.940633398979314528e+00
-2.724377498366594708e-01
-2.656182267853291812e+00
-4.363820492540071427e-02
-1.745757794597056822e+00
-1.686387670691499530e+00
4.567670285330979851e+00
2.147633731822818248e+00
-4.555177937230237006e+00
-2.435344426302574750e+00
-4.245901107773079275e+00
-3.394432945394241230e-01
-2.120463849001863466e+00
1.621742922121277353e+00
-3.297185374811531844e+00
-4.600216714616447433e-01
-3.487583392449709940e+00
3.089350522906979535e-01
8.869483671300173455e-01
-3.872346227134792152e+00
-8.315658896000552858e-01
1.723338572598022367e+00
-2.777220049596469398e+00
-6.314001166867857506e-01
4.484341160082635724e+00
4.619196399918834572e+00
-1.343457739342752699e+00
-8.896536824591656512e-01
-2.702005736179926565e+00
3.999651158938156925e+00
3.973302944151207328e+00
6.825168387509332746e-01
-4.352523278643740667e-01
-1.401890185027609093e+00
-3.967887181289414755e+00
1.526925755044414856e+00
3.567299309887328462e-01
2.410300940170548856e+00
2.432061979364455340e+00
-4.695659826422496685e+00
-6.968153844347337866e-01
-4.610349911021844882e+00
8.056315198210262096e-01
4.965316157929866137e+00
-4.998774838171331503e+00
-4.171783371113360062e-01
-3.383468533243982890e+00
1.087328727621322599e+00
4.478596499384330798e-01
-4.196638473615781351e+00
-1.346267656107573707e+00
-2.240081847216306432e+00
8.546906211654956564e-01
4.826314853343914635e+00
-3.072985453670127320e+00
-3.746727342455518084e+00
-2.407228450690973354e+00
1.447980160602984512e+00
