1.737236001837505484e+00
5.567783854544146038e-01
3.101859088480976467e+00
-3.798614808083291550e-01
2.984094817899917373e+00
2.554318453503785946e+00
4.091168855629756962e+00
4.102167604049254734e+00
4.365223528238308504e+00
3.306957487922142391e+00
4.591807816851146029e+00
1.522024079326475210e+00
-2.737516579300185438e+00
-2.657465224832611383e-01
1.157284815189155935e+00
1.661621224018615450e+00
3.346017804367848569e+00
-1.800264752575999605e+00
2.078798214601035532e+00
3.424139137534009336e+00
2.526106926604629876e+00
-9.500722430215704506e-01
1.466180409721141942e+00
-3.830881401093040317e+00
4.757676716399917183e+00
-3.753197295813688328e-01
-4.799340361098542118e+00
1.310113804532267778e+00
-1.426435667584598832e+00
3.917146031837022591e+00
2.976352228576698344e+00
-2.151621518902386843e+00
-2.345210162611019999e+00
2.084867403902447514e+00
4.350666692241469846e+00
1.289558552366890432e+00
3.055285779751290676e+00
-1.241700310882251301e+00
3.492927713165723702e+00
-1.090195180710481715e+00
3.679424402403160599e+00
-4.855819640137504223e-02
3.546175013060263836e+00
-3.383090674532844844e+00
-9.341996656111124508e-01
3.689335006285235252e+00
1.010718699606627524e-01
2.076634105093235760e+00
1.418050327125780719e+00
3.909619667496311735e+00
2.797089295572609657e+00
2.712098872994261001e+00
4.298590708087886014e+00
4.348313819880898379e+00
3.515857200652979131e+00
-2.120124843102325407e+00
-8.918823384818974631e-02
4.057196665244161338e+00
-3.400541396819762863e+00
4.721016532085279493e+00
3.176892664549963996e-01
-1.928396135393937172e-01
-1.723449832712279139e+00
3.199864363009156776e+00
1.386635295396684953e+00
3.158717893035287716e-01
-4.160312131691757287e+00
9.979960919454473611e-01
3.030136138441880789e+00
3.067802485909750132e+00
3.030609920127245616e+00
4.672583186816307688e+00
4.928645272486459561e+00
-1.921210000520389372e+00
3.029505127967279776e+00
5.776401730515914323e-01
-4.709788207798547788e+00
5.594495265292218633e-01
1.486243556889629502e+00
-3.335503928564702569e+00
1.135573516607637501e-01
-4.363159054693339201e+00
-4.491001012904716205e-01
3.464606778618602334e+00
1.383369090074965335e+00
4.104797127111455168e+00
3.007659587845301630e-01
-2.976288182307367247e+00
-3.202207061216075790e+00
-4.026696074180597051e+00
3.455415780357078859e+00
4.969631395501215465e+00
-3.269716013168413316e+00
-4.673628639759730419e-02
-3.802585619918069426e+00
-3.060709867154148611e+00
