3.078389569846594398e+00
2.867795752823614208e-01
-2.508637852555187564e+00
-2.421414395747288673e+00
3.797867588043191134e+00
7.196343841263272978e-01
-3.588512730581840948e+00
4.199273132234299766e+00
9.536129555645551648e-01
-2.104142361111935866e+00
-3.257269519745980002e+00
1.096042266533510556e+00
-3.235669202545413903e+00
-2.747181316980645605e+00
3.598578824373515062e+00
-4.659967898779509454e+00
3.116306246104421973e+00
4.171018688265307972e+00
-4.364869664975991270e+00
4.113525734221834540e-02
-2.391667844112523866e+00
2.217229316703415165e-01
4.337120669115678950e+00
3.324530292763887118e+00
3.255395440477350633e+00
1.991758847789933284e+00
1.028648296301955867e+00
2.828367061269610794e+00
-2.452651761709513600e+00
3.723887720737105056e+00
4.911715227621861857e+00
4.595154761029295543e+00
1.661401534875418307e+00
-7.006152388388553476e-01
-4.365829137669868132e+00
2.173813702352278554e+00
1.316270110923087877e+00
-2.904784812272624972e+00
-4.015781098357011025e+00
4.536808231401467495e+00
-4.258681571129604215e+00
-3.033485817387036931e+00
-4.448732288356296749e+00
3.964984535399869614e+00
-6.227199378295811272e-01
3.572990860751797726e+00
1.981828384062832349e+00
-1.570076702860292439e+00
1.312281112137902106e+00
1.223518323742761815e+00
9.732400213652478982e-01
-7.004653645301193166e-01
1.940836060127454132e+00
2.108865603098628583e-01
-1.342639951806875231e+00
-3.952203535563106662e+00
4.308384572021010328e+00
-1.427298393415185274e+00
-2.531273512296134065e+00
3.087331191453570156e+00
-7.621585192341857606e-01
1.707575726241982395e+00
1.907674022907848155e+00
-1.313294206470105863e-01
-3.135928273484533957e+00
3.542720486082831854e+00
4.122492103695424959e+00
-5.981067237017221316e-01
-1.270403861638671472e+00
4.396801743143115004e-01
1.694324497645025573e-01
4.621279364454245808e+00
6.564915202529144622e-01
-2.032219141970710297e-01
4.313317317713389443e+00
-3.444795408106182677e-01
4.292593633980615664e+00
-4.006426287395493446e+00
3.039444695611326352e-01
4.914570638871676778e+00
-4.912178700132554532e+00
-1.696046979818659484e+00
4.319740487809431428e+00
3.752156537561230465e+00
1.516718902885917153e+00
-1.680331076605581231e-01
3.442404589402023873e+00
2.372883751262966356e+00
2.516309549974597992e+00
3.809074397818482893e+00
-4.817928827975652695e-01
3.956358937816386145e+00
-2.924758863405529929e+00
1.740652088407372844e+00
-2.280287929632699218e+00
-3.939435708015190940e-01
