-4.249911159422319784e+00
-3.019194755133054464e+00
1.323532985751870505e+00
-2.864424196975710046e+00
1.899544568358050967e+00
4.767538703323117133e+00
4.672653770422744657e+00
-3.874603938275126502e+00
-4.997838094936009945e+00
1.060860104900860357e+00
4.439340124967396051e+00
1.961072284807832133e-01
-4.331608217416661688e+00
-3.654295998641181598e+00
-2.737630752918271071e+00
-3.987696901666304417e+00
-2.391156397252443888e+00
-1.463249394970000949e+00
-1.986662240080149466e+00
7.038197271586295045e-01
2.571588981060814127e+00
-2.682298299357173121e+00
-3.555113814598969135e+00
-2.249094820655173077e+00
-1.968901255018806751e-02
1.619217085982774584e+00
1.357647180062537373e+00
-9.747805582380131284e-02
1.861199585690710201e+00
3.105568659193920666e+00
-2.137695508445257353e+00
4.510526954503470520e+00
-2.863310381291181983e+00
-3.123315112926374759e+00
1.369529482913268481e+00
3.344973185854103193e+00
-1.803185826740437925e+00
-3.285010953248846732e+00
-1.209977143766264085e+00
1.308418568000392135e+00
3.590938362145468687e+00
3.695080350159006599e+00
-4.317768274531090356e+00
-4.063426121718848094e+00
-1.004778235407864706e+00
2.236082615117514827e+00
4.378164086663746346e+00
-2.828187616561236517e+00
9.240289070932661275e-01
2.836068691087389126e+00
-1.186751192582199188e+00
-3.291307363107506490e+00
-1.776300563992735171e+00
1.753572233682872294e+00
-2.679742483436108103e+00
-1.610494532086126362e+00
-4.063932640594872581e+00
1.357476691120851342e+00
1.575909750480411375e+00
-3.143065360149636334e+00
-1.519577226155978344e+00
-2.272726249388596909e+00
-1.320470187425251130e+00
2.961414610537169700e+00
-8.324425645203739066e-01
2.257243860347088571e+00
-3.775628507330959227e+00
4.797928334990649191e+00
4.705654164616465351e+00
-1.935417744750597357e+00
2.010027831620573302e+00
-3.075739023184933529e-01
-3.796817005515057630e+00
-4.340099640723406260e+00
5.232001328546509455e-02
-3.300134783273423800e+00
-2.683418533849093457e+00
-3.964608426595153112e+00
-3.572410953208731144e+00
1.626174332724017901e+00
2.406641773356867908e+00
4.609761492620222612e+00
-3.610148823616055047e+00
-3.335506187355630203e+00
-3.136610067210590103e+00
4.709812624235631517e+00
2.198953849809734074e+00
-3.620922070801915194e+00
3.892182724632547774e+00
-3.737231609861027870e+00
-2.626588927219559721e+00
4.000524924688134476e+00
-8.207569198200150851e-01
3.026879973036125548e+00
4.260419460629345068e+00
-2.103076202798304095e-01
