1.135360698976141336e+00
-4.484377400783756684e-01
3.514885994564888705e+00
-2.606797227860359278e+00
3.806594114289699959e+00
2.761216601659613801e+00
2.605778118875279326e+00
-4.751535482341402883e+00
-3.669733178222325254e+00
-2.694168494418148541e+00
6.304659448129088517e-01
-3.429576659522619586e+00
1.593108324130906084e+00
2.241984311732481139e+00
4.490328872196434062e+00
-4.333867406167933645e+00
2.152151633601787850e+00
4.708178766371190704e+00
-4.835142508165153785e+00
3.908105264438303195e+00
6.874353846523817424e-01
4.087866474779920267e+00
-2.638912805781083115e+00
-3.958120694299874565e+00
1.740439464953890791e+00
-4.727223306633321798e+00
4.768498178779196905e+00
-2.515731167921427591e+00
1.301745969393126146e+00
2.761102801072242485e+00
-4.958699237835584306e+00
-4.998924513068184972e+00
-4.459259766146280057e+00
3.632613157160541562e+00
2.535248188705975458e+00
-6.963322661267792313e-01
1.938870852250946797e-01
-1.429550506362613493e+00
-4.999247184426876878e+00
4.025731185556594482e+00
-2.433476627726616215e-01
1.642962491631424271e+00
4.535719131616973598e+00
-4.274135868072193922e+00
-3.410519098727609943e+00
-3.032593619265515628e-01
-4.587690017495388517e+00
-4.592075279531608878e+00
-5.025437899581568502e-01
-4.956378067704566348e+00
-5.893342256884279706e-01
4.986555957648196369e+00
-9.300579975482818895e-01
-7.478153646235208285e-01
4.990892980897104536e+00
4.138216994432195150e+00
1.670280929824262017e+00
-1.392252761460187394e+00
4.503449124488360766e+00
9.374331654205700914e-01
4.206297420554422573e+00
-2.519533777012213704e+00
3.180681386723662740e-01
-1.735249415734062772e+00
3.705603529005900398e+00
3.133297905011950490e+00
1.722368987222320236e+00
-1.039555739936096401e+00
-2.131687155347216311e+00
4.736208527553367631e+00
2.274823369085704705e+00
8.411289535883703650e-01
-1.182289608905019662e+00
3.134643901029743773e+00
-4.516095817233804155e+00
3.738106445865568617e+00
-4.469642780993777542e+00
-9.252253063303452763e-01
-1.529088540901577531e-01
-1.104355988145400147e-02
-1.059901905006976897e+00
-2.306405857286936367e+00
-9.866909731184225762e-01
2.033247535492550995e+00
-1.275580591382554640e+00
-1.859306979931044879e+00
3.612706025307179658e+00
-2.749948475716879059e-01
-2.177005831212366349e+00
-4.205163897247502724e+00
-7.219595052621556874e-01
6.336143632618442822e-01
-2.532309906403496846e+00
-1.352361390566966470e+00
1.739622289601330252e-01
2.714471508445442716e+00
