2.810449537732920611e+00
3.008391647221889897e+00
1.985099657231680581e+00
-4.228125800774517273e+00
2.034002844061163273e+00
2.203465641350264903e+00
-2.189605427193115350e+00
-4.159710810196269648e+00
-2.117124395413774174e+00
4.023602713401011499e+00
1.598295559817262124e+00
4.969767130091977236e+00
3.496017784005235995e+00
-4.680147949661071394e+00
-2.640069253792809434e-02
3.186818543382882396e+00
-3.716757787074127517e+00
-4.360055665235394784e+00
-1.436879626109046626e+00
-4.492309832804469494e+00
1.480772666343050048e+00
-2.554125989084359283e+00
2.750030376017026157e+00
1.686884686015487134e+00
1.652849394650508508e+00
2.507017535909152883e+00
-3.268558651498665313e-01
-1.446495158358517052e+00
-1.034131608669572877e+00
-4.496885641177444271e+00
-4.747587582650728777e+00
1.669499487020545736e+00
-1.126232814729450027e+00
-2.400985866018492398e+00
2.373858679988280151e+00
-3.054503111887595601e+00
-1.832853206045891525e+00
6.520802528474991533e-01
4.195424162146954572e+00
1.578155530618325031e+00
2.583169475570037399e+00
-4.687170227512776677e+00
3.141605942777539795e+00
-4.186256653433001240e+00
-9.160916620183776615e-01
-3.530341943078948219e+00
-1.208424823795976266e+00
-4.580721237626367071e+00
-4.773357658113626556e+00
3.522259643246599126e+00
3.126639072323467161e-02
-7.838981729219547390e-01
-2.334181848354649702e+00
-9.618368952648221892e-01
6.193259037673239931e-01
-5.193731808745019052e-01
8.403538648882076245e-01
-1.761658219005344250e+00
-2.605941348641689359e+00
-3.913775184715465372e+00
-1.545212665440995004e+00
2.161664301093701113e+00
3.992355635874398345e-01
-2.249359089198904371e+00
-6.946745690935944850e-01
3.785015473143761966e+00
4.458857037968511960e+00
3.882946903567047414e+00
1.022689292540412964e+00
-2.446539307632036309e+00
1.158593754142084542e+00
-2.168153276622584169e+00
-4.430078453035822150e+00
6.095516857178537862e-01
-1.466286800932531165e+00
-2.961341321586119513e+00
-1.756342766195827743e+00
1.307944944686488142e+00
-2.114907177056656096e+00
-3.468059072692946998e+00
-1.009841028214522041e+00
-3.056609207409464180e+00
1.226188742585002878e+00
-2.259584939835152184e+00
-2.912963662808999210e+00
2.227551072735503013e+00
-1.719173623343237534e+00
-2.931584794639756630e+00
1.960057125010161272e+00
1.068078375400417279e+00
-1.291683609404427280e+00
-4.933449782215867607e+00
1.251179962150585467e+00
1.103251661520401328e-01
-1.636041976254719366e+00
4.090585661266933570e+00
