-3.408183007413665422e+00
-6.415788354685068029e-01
-3.864360198843131755e+00
-4.259532884953154408e+00
-1.156284156147675546e+00
-6.289474270630943664e-01
2.434648973974999464e+00
-3.793784585054891245e+00
-1.868524288187366267e+00
-3.197825221917791616e+00
-2.068689080876462416e+00
-1.475590399830071231e+00
-4.359038998401612020e-01
1.876699376459898261e+00
-2.052732144210396292e+00
4.396675253733002720e+00
3.187854746234954462e+00
4.471626887009517048e+00
-2.798075970766329412e+00
-2.568187993483428411e+00
-2.233440715511320285e+00
-1.295179204154361940e-01
-4.991117347561924156e+00
2.628866746625142525e+00
-3.956146798353085359e+00
-4.266226370614728758e+00
2.225650826248569913e+00
-3.512251964104625479e+00
1.184893819397005998e+00
-3.362169737412796788e+00
-3.861232124678368738e+00
1.309881938432084780e-01
-3.179368916738609663e+00
8.575170054443583822e-01
-3.259735658549228532e+00
1.966593932600241956e+00
1.292747065028134301e+00
-1.818470891663674038e+00
1.475484765659915709e+00
-4.642423016725691021e+00
1.220344507993141647e+00
-3.264133044925868532e+00
-1.037431099296504122e+00
1.379073598572475134e+00
9.093152290131270021e-01
-8.376394400708200294e-01
2.540899027127595744e+00
1.439376749787633969e+00
3.009427243115380790e+00
-8.637261774045201790e-01
2.840321475861683709e+00
9.441400981608385479e-01
5.015630254551206590e-01
2.747373086737365355e+00
2.543379827381863301e+00
8.598886049170326729e-01
3.655597509633839337e+00
4.411046121521428276e+00
-8.243247282109944507e-01
-2.254672090546252505e-01
3.950001486465218647e+00
-1.363750715943883307e+00
4.484341160082635724e+00
4.619196399918834572e+00
-1.343457739342752699e+00
-7.792086359506802395e-01
2.607810917263448935e+00
-1.253368048939159429e+00
1.463041746377591323e-02
-3.938057116505451205e+00
3.006585757670533710e+00
-3.822555085347714154e-01
-4.540416393023276598e+00
-3.648126308332559908e+00
6.283847296894489176e-01
-3.086236228853787011e+00
-7.037209022980048800e-01
1.864437238095154825e+00
-2.597255105330411595e+00
4.607880104368817342e+00
2.668485999461732483e+00
-2.048139144659143263e+00
1.042968931749278738e+00
-1.209592346526036977e+00
2.764484466203676050e+00
-4.521044997764747109e-01
-1.560181750300000392e+00
-3.828772762307197652e+00
1.590185767860436528e+00
-2.788948343613496306e+00
4.495112877532577045e+00
3.964680540996461389e-01
1.073922489939186597e+00
2.141816156682248007e+00
2.885420871091080031e+00
1.963239558852492017e+00
