-2.742198535661337644e-01
1.188941110078123309e+00
2.360838404222107556e-01
-2.499626471393815663e+00
3.716760754112867104e+00
4.674555290852447698e+00
3.356808275990273316e+00
-6.607476570808952232e-01
1.815261858703970610e+00
4.591867972375546003e+00
4.358509743541464587e+00
1.701998257122308011e+00
4.521367087667718110e-01
-1.650756267134656508e+00
3.466940689690531485e+00
2.483124834010780546e+00
1.195816443239290372e+00
-2.987909887339910142e+00
9.264623154595508225e-02
6.095842487332623350e-01
2.519216570901784635e+00
3.851528523574680563e+00
4.764846452931571719e+00
-2.005274439249804530e-01
-4.879213963445423019e+00
4.472318089554319087e+00
-1.172147684834100367e+00
1.615093593548351691e+00
-4.703948018802010189e+00
-1.675862769951129927e+00
-3.214674615515367151e+00
2.233857238509948218e+00
-1.922127889076002738e+00
3.170320533301682175e+00
-1.616904615807030154e+00
-4.713825438038745652e+00
-3.286157550535112826e+00
4.698526067414753982e+00
-2.806980897513199125e+00
-1.238707617293969498e+00
4.562366885609643319e+00
-2.780450082163498315e+00
4.918268757112025824e+00
-3.814146946806762362e+00
3.873010051516823538e+00
-2.899034917880378703e+00
-4.162653316437486595e+00
2.462390323925967905e+00
1.666655525388264891e+00
-4.472049389470792669e+00
-6.865524712238855187e-01
3.178773524348573076e+00
-1.262629093444603612e+00
1.289945469767132202e+00
2.472916027275076090e+00
3.823161836149473913e+00
-2.311825052625668953e+00
-1.279224125178097804e+00
2.014268469395434025e+00
-3.962883061976036903e+00
-4.968723048913138207e+00
4.247641187767763782e+00
3.073612598054841882e+00
1.293791593943538487e-01
2.664864946616715358e+00
-3.174821461571997183e+00
5.657642439618495445e-01
-1.538039831785065203e-01
7.852019535673901984e-01
6.825168387509332746e-01
-3.160280451983028538e+00
2.810992587478871485e+00
-2.393576654742965104e+00
1.433101819161737289e+00
4.813473904616031973e+00
-3.579796439910951644e+00
-2.673791003075800532e-01
-4.803282116096600163e+00
-2.759994585238675135e+00
4.374946399996368029e+00
-3.304250291421083396e+00
-5.576836583845121709e-01
4.030853340416841846e+00
-2.330266732498914806e+00
-3.738864208114699217e+00
-2.558899273829457144e+00
-2.674806273697019066e-01
4.276924436803286156e+00
-2.777835765120020284e-01
3.788219633118643515e-01
4.308241401788993841e+00
1.713803773765270044e+00
-1.296379668524983764e+00
-4.714038943210435484e+00
-2.407228450690973354e+00
1.447980160602984512e+00
