1.882579214951248581e+00
1.133563992806223553e-01
-1.242833846630435612e+00
-5.188579397066845900e-01
-2.325106332825241928e+00
-2.918116324352606483e+00
4.312556577418364512e+00
-7.168620687732687458e-01
-4.148452046254496040e+00
4.724851465956733776e+00
4.377337461837283783e+00
-4.327082031071892487e+00
2.455219620018187499e-01
-5.049552417866909337e-01
2.364744405665292426e+00
-3.907668847420130653e+00
-3.370634645991538392e+00
-6.960469508113575898e-03
1.691087337172923810e+00
1.991133880458374250e+00
1.403235660158542508e+00
9.999324242129628004e-01
7.380078129840716983e-01
-2.854089293904261915e+00
3.062186979184875923e+00
7.740765179070017155e-01
3.573264233873311824e+00
2.908827696293560194e+00
1.304986829526328052e+00
8.719784231613125769e-03
-3.027590662907213570e+00
-3.242526227579313414e+00
4.212221351449397133e+00
-3.450730204437903126e+00
-1.531509840240468101e+00
4.644543714224539599e+00
1.889239560512356420e+00
3.025336371744451469e+00
-4.463036627272457757e+00
-2.435386966638733774e+00
-2.899886842513159646e+00
1.964978613813572750e-01
2.623456106455700265e+00
-3.925101290935190335e+00
4.279966961236329581e+00
-5.567049064087363774e-01
-3.172967597879452484e-01
3.301931391186299081e-01
-3.688579780123324436e+00
-2.047712728819028882e-02
-2.664381089337362063e+00
3.842990453938503137e+00
2.835073570531688958e+00
3.508530276681744553e+00
3.610184997000777329e+00
-4.862393501107344029e+00
2.830082858251355304e+00
4.218683924521261730e+00
-2.825444878262028947e+00
6.754216492143854111e-01
-3.017584278766456407e-01
1.200453310400694917e+00
1.740817753586448191e+00
9.554576580468978619e-01
-3.980552368076921699e+00
-3.816441848772273104e+00
1.370994486018566327e+00
1.704106355344090495e+00
-1.669277657232647094e+00
-4.110561374913146437e+00
1.875914857054667095e+00
4.406754066256386437e+00
2.327830183954143983e+00
-3.211327478795466206e+00
1.296111212000736757e+00
-1.219470130953641540e+00
2.755844609154509683e-01
1.733842491458181811e-01
-2.772268993181072005e+00
3.569548691945279018e-02
3.933880902369095267e+00
-3.386200143674286345e+00
6.880667662727670830e-01
2.705107571364825603e+00
-3.914061427373346724e+00
-1.808121487750955492e+00
2.597528931949869779e+00
-2.637536882702604668e+00
3.826025405748620045e+00
-3.117538952962464194e+00
7.207476471471334634e-01
5.036560625157813220e-01
-1.074133666917009844e+00
-2.442441429716311063e+00
4.667046918328066951e+00
-1.028270040399271501e+00
