3.003046766141100221e+00
2.923751687692019097e+00
2.971432705649345252e+00
-4.940894883688518036e-02
4.828074795801382990e+00
1.187697847285093644e+00
-2.218952247096411590e+00
4.635154034228213149e+00
-3.359264254587657206e-04
5.398706118719029945e-01
-7.384703131508612017e-01
-1.088519293027836454e+00
4.789129671500909069e-01
-4.861575833768711163e+00
-3.195704058129696712e+00
1.929834671052608641e+00
3.914134091083294464e-01
9.090754409332069130e-01
-2.097014028970062505e+00
1.130369344716724456e+00
4.084221464252150824e+00
4.739303586039472549e+00
8.305424111617512040e-01
-4.154472339672919290e+00
-4.786170836859202637e+00
-1.068424209014421145e+00
5.003423876525339153e-01
4.620738821503113769e+00
-2.613421990462526878e+00
1.634451829840656067e+00
-1.796222993154858116e+00
-5.467444103885110707e-02
2.685733534587354754e+00
-1.864137873889474051e+00
-1.249651693520847928e-01
3.174456790172719423e-01
3.707869984095006899e+00
2.436254345005488986e+00
3.055617278728163910e+00
-4.067735380459725825e+00
-1.010085604386269154e+00
4.914656239430044593e+00
8.298042806020689000e-01
-2.516073636498256327e+00
-4.894425519788081047e+00
3.576951965381452325e+00
-1.333214603003517240e+00
3.642930378726514817e+00
-3.489352407647035026e+00
-1.499118854763387354e+00
-3.810088951226474840e+00
-1.442107156638718912e+00
-1.105517947293688241e+00
-3.424342408800012727e+00
-4.049878179174108084e+00
4.696246430003334638e-01
-3.675371544796743883e+00
-1.541738126198342940e+00
8.634723591494939399e-01
-1.158161483678608050e+00
2.256543207670968165e+00
-4.661009448871159755e+00
-4.760097358984316074e+00
-1.944413494923946661e+00
4.316352136281363272e+00
-1.773602744599318548e+00
2.817050336010312961e+00
2.610346998146571451e+00
-4.655637751358623788e+00
2.026152256419123887e+00
2.050992974923135925e+00
-1.803884349681927013e+00
6.662858526711881169e-01
-1.362913459299359697e+00
1.007077770377566850e+00
-6.369835005718451626e-01
-2.522827009288244327e+00
4.573903810597872877e+00
1.184835419622713992e+00
-1.621746241176285075e+00
-3.350213080247100628e+00
-2.313133808161201621e+00
1.065478823894906668e+00
9.223321233538861463e-01
-4.640286613043288710e+00
-3.001961451283980953e+00
-5.893295669395062220e-01
-3.057930860963375963e-01
-1.319117715856308326e+00
-3.644232185794869849e+00
-4.801214047581606970e+00
-3.112161311113805784e+00
-2.910279043958832190e-01
6.910217801183708985e-01
1.202988920883703017e+00
2.499899669185260187e+00
