-2.637190402369677944e+00
-2.199681900796059963e+00
3.689686507096309853e+00
-2.336876950891946247e+00
-3.845835773774022304e+00
-4.940129698472867759e+00
4.396196350165332944e+00
4.175295419942790076e+00
-3.564838101668938108e+00
4.728518326655843040e+00
2.586000840345507257e+00
-1.475590399830071231e+00
-4.359038998401612020e-01
4.121707757223152413e+00
-2.052732144210396292e+00
4.396675253733002720e+00
3.187854746234954462e+00
4.471626887009517048e+00
-2.798075970766329412e+00
-2.568187993483428411e+00
-2.233440715511320285e+00
-1.295179204154361940e-01
-4.991117347561924156e+00
2.628866746625142525e+00
-3.956146798353085359e+00
-4.266226370614728758e+00
4.055820106146715176e+00
1.145077756210906017e-01
1.872651882013420810e+00
3.527749715320561918e+00
-4.913924892588427795e+00
-1.455275639528237352e+00
-1.024827903706757581e+00
9.018205746684371249e-01
3.165228634393178808e+00
1.407614526895097917e+00
2.503372850447539655e+00
-2.871356577694779144e+00
-1.912887819588338090e-02
9.112369265840847277e-01
-3.151414760566243700e+00
-7.779643880739772754e-01
-1.368669202834196241e+00
4.406709092253695559e-01
-2.123485122498686373e+00
2.591130663099333375e+00
3.103068048654360922e+00
-3.339639227721709069e+00
-2.351376013862261694e+00
4.280478106880867273e+00
-1.219320586806484030e+00
6.639869344292579356e-01
3.296586428268501123e+00
-1.294120490535840773e+00
-2.163824961415328207e+00
-7.433798710993393399e-01
3.338233847613221172e+00
4.005587188999463422e+00
4.275652964672570278e+00
3.859508879784637969e+00
-2.916666023628601501e+00
2.343674649822596656e+00
1.705021636786645090e+00
-1.317765616326092903e+00
-2.489706449062945026e+00
-2.955607543605726306e+00
-2.373251821842228271e+00
-4.675058040896296063e-01
-5.265728432515679458e-01
4.925625916053355979e+00
2.243482868475739522e+00
-3.665389181694872711e+00
-2.557678792808268042e+00
1.140030019884108015e+00
-2.399612546354067177e+00
-5.164288086210042650e-01
1.047732504097665718e+00
-3.327001576920860515e-01
4.626440803233025534e+00
3.179790829961643084e+00
-2.390275570656579252e+00
-4.335406252258023230e+00
-8.276056412134282780e-01
4.378901062064370464e+00
2.923691604197609095e-01
2.081274394878721345e+00
-3.917566884042588349e+00
2.064436204237162009e+00
4.777127476892626845e+00
5.984828199171747798e-01
-6.396278312092622542e-01
-4.025649853072889250e+00
1.073922489939186597e+00
2.141816156682248007e+00
2.885420871091080031e+00
1.963239558852492017e+00
