4.953954467716213728e+00
-3.854205806041637317e-01
1.165645701675424029e+00
3.605049673821428158e+00
1.556577858788134705e+00
-1.692450293267265593e+00
1.419325216225359121e+00
-2.487881828240462667e+00
-2.155716919278573229e+00
2.693623465884499524e+00
1.553588029329136866e+00
2.355870196340312361e+00
3.607737756509362015e+00
-3.019558088622184222e+00
2.793925237964556274e-01
-9.025424727965534188e-01
1.597370999404095215e-01
3.320530928732351228e+00
-4.647046718879618510e+00
-2.857156417137538540e-01
-9.293161900912592088e-01
-3.609363127553732120e+00
2.118608593461281941e+00
6.105695968024758002e-01
2.365041182912117179e+00
5.253216056522749255e-01
-1.783435818721106347e+00
-2.709144616826986152e+00
4.044653915096144914e+00
4.268215310002354101e+00
-4.838938078678491017e+00
2.254336092551536552e-01
3.848489757365310737e+00
-3.815962019976665509e+00
-1.771503556528796430e+00
4.359710854375942191e+00
-4.941830775933320652e+00
-1.782443820026026415e+00
4.037679682565611827e+00
-4.121520045211579664e+00
4.415260578126083857e+00
3.994217204678815136e+00
-2.317732752026443244e+00
3.274617400591493421e+00
4.521549512100408563e+00
4.829304789819978794e+00
-4.222843584993364097e+00
-4.552978444508184452e+00
-1.524846209554563181e+00
4.670845428989174764e+00
-1.596295299837807491e+00
-1.319186150669384716e+00
-4.883050536508275030e+00
-2.395743934859732249e+00
1.764772251619347365e+00
-4.520108093698053331e+00
7.437631037233458642e-01
-3.221887056236483193e+00
1.495758917226083895e+00
-1.406498782122675983e+00
-3.700518062271301645e+00
-4.868788051128798422e+00
-3.611882735428770808e+00
2.212664241253635922e+00
4.267879074940420736e+00
1.525583609083302150e+00
-4.345545784656693833e+00
-9.387423693865049046e-01
-2.281444508207245647e+00
3.752866081317975500e+00
-3.820392185811796182e-01
-1.743039270091220061e-01
-3.461427207398734218e+00
-1.937655172704280115e+00
-4.935013174881980547e+00
-2.775058235415632790e+00
2.341997004128271165e+00
2.322905172396972695e+00
2.232746113407952926e+00
1.448741270968419315e+00
4.297804915994163366e-02
-4.480074592632021790e+00
4.544058790230051770e+00
-1.586513850446882312e+00
-3.106753755847433407e+00
5.970580557563067714e-01
4.498537890902236214e+00
2.238022250611769515e+00
1.772879181277855487e+00
3.112119733305794611e+00
-4.742887270923459297e+00
-4.731130389578112272e+00
-9.679215714016118355e-01
-1.221367994986409578e+00
3.106249033116789349e+00
3.616205960470360026e+00
