-1.394635855291999071e+00
6.810393627596891264e-01
3.827234965874010797e+00
-3.000872769382977090e+00
-3.436387073099532508e+00
-1.954226504503910000e+00
4.027265857372652746e+00
2.513846963588854067e+00
2.852820068471223713e+00
-2.444749824831180529e+00
-2.710049020736965630e+00
-2.014119808615639773e+00
-1.425714651808501543e+00
-3.740442675560450070e+00
2.501098520845729922e+00
-2.391259434477305490e+00
1.339604296999532096e+00
-2.340699414852611682e+00
-7.759566153970283153e-01
-4.471094059783700558e+00
-4.223259316554663023e+00
-1.363660134669282264e+00
-1.558793144115742102e+00
2.946587229926977081e+00
-3.069255322252637530e+00
2.117935945675090359e+00
3.599998796292267045e+00
2.306115014427402521e+00
4.404245246553927018e+00
-2.087643885519867570e+00
1.851397531730986756e+00
-3.174776666048423124e+00
-4.963507894537984910e+00
-2.292957288462655896e-01
-3.883460509154751605e+00
-1.371042831483078039e+00
-4.402273989466972459e+00
-1.092391797930249098e+00
-8.135956079890824810e-01
-2.724377498366594708e-01
1.188363726739706472e+00
-4.363820492540071427e-02
-1.745757794597056822e+00
-1.686387670691499530e+00
4.567670285330979851e+00
4.447084384235747478e+00
-4.555177937230237006e+00
-2.435344426302574750e+00
-2.176791401450901553e+00
-2.516895252107337555e+00
-2.120463849001863466e+00
1.621742922121277353e+00
-3.397612550768106310e+00
-4.600216714616447433e-01
-3.487583392449709940e+00
3.089350522906979535e-01
8.869483671300173455e-01
-3.872346227134792152e+00
-8.315658896000552858e-01
-4.890821873891502136e+00
3.194409335751144496e+00
-1.363750715943883307e+00
4.484341160082635724e+00
4.619196399918834572e+00
-1.343457739342752699e+00
-8.896536824591656512e-01
-2.702005736179926565e+00
3.999651158938156925e+00
7.852019535673901984e-01
6.825168387509332746e-01
-3.160280451983028538e+00
-1.401890185027609093e+00
-1.608274537590987929e+00
1.433101819161737289e+00
4.813473904616031973e+00
3.546897685232677233e+00
2.432061979364455340e+00
2.067575916687229842e+00
-6.968153844347337866e-01
-3.449107708230194635e+00
-4.841872804044439427e+00
-2.339495910500148934e+00
-4.998774838171331503e+00
-4.171783371113360062e-01
-3.383468533243982890e+00
1.087328727621322599e+00
4.478596499384330798e-01
-3.214456072766702643e+00
-1.346267656107573707e+00
-2.240081847216306432e+00
4.128644562555352948e+00
4.603405880055932542e+00
-3.072985453670127320e+00
-3.746727342455518084e+00
-2.407228450690973354e+00
1.447980160602984512e+00
