4.184295495977870871e+00
3.668943535081439222e-01
2.106374023749488344e+00
-1.985399760718331574e+00
-3.498518499311470187e+00
-4.172456884340373762e+00
2.589800038738372834e+00
-4.300673156903989991e+00
-2.151210163882236515e+00
4.961158172993204829e+00
3.324550977365998250e+00
-2.340292364070238662e+00
-3.134529454379137992e+00
3.381616484661895683e-01
8.983824665387718511e-02
-2.376419904213792123e+00
-3.694542936054637572e+00
1.624240791084304192e+00
9.166277456993610073e-01
1.245712711424671326e-01
-6.286848088194769701e-01
4.753442719126415028e-01
-3.907366988612906766e+00
-2.966037524698420746e+00
-4.027530641631985375e+00
-8.969089382904096297e-01
-8.063200341795129233e-01
-4.684056417300382691e+00
-3.342629579558413777e+00
2.890036032000695698e-01
-2.906905590374454285e+00
1.391084086679618359e+00
1.710142050836575223e+00
4.299798567788762682e+00
-7.772925722632706425e-01
-1.422002034578273566e-01
3.253349524200945808e+00
-3.154210148340450548e+00
1.853185560359587924e+00
4.185610494853374774e+00
-4.475038604287195909e-02
7.735310427693651292e-01
3.074644192501104101e+00
-2.974140183335431953e+00
-1.482412942290859625e+00
-2.501681459410377784e+00
3.631454455683762461e+00
-3.180730110127676369e+00
1.470441704919174697e+00
3.585256242559713868e+00
-4.081398425743718583e+00
-2.154911520998781249e+00
-3.540605449134196725e+00
-3.384927233101819866e-02
1.529036652335947544e+00
-1.471382040753325349e+00
4.836945342838872008e-01
1.342018343300299676e+00
1.160907963366152096e+00
-2.979016385171362469e+00
-3.248312337534386973e+00
2.554020028075089321e+00
1.529508510750332562e-02
5.939591881610395419e-01
-4.792838369789715891e+00
-1.719714545814043927e+00
-2.286333579588735176e+00
3.697725513501291417e+00
3.998375503919335827e-01
4.309437351817242856e+00
-4.524970658822191183e+00
-4.111178075756614092e+00
3.483845187189045234e+00
-2.650715519532116371e+00
4.729755903036632958e+00
4.695439792194033402e+00
8.132921375093769001e-01
-9.585034917565868895e-01
-3.364991299327391161e-01
-4.911088388903710467e-01
-1.210113395021271465e+00
-4.865598655327437960e+00
4.300019240062887604e+00
-1.641794670569030057e+00
-1.747746333262971685e+00
-2.672253568669180623e-02
3.632159756137252060e+00
-2.382800559186071254e+00
-5.341544839070504480e-01
4.672233136063042025e-02
5.397922490724651468e-01
-3.152992481994126628e+00
9.844987133414360159e-01
-1.486181490389123283e+00
-4.162593484054766257e+00
-4.536065431700740724e+00
