-2.742198535661337644e-01
1.188941110078123309e+00
2.360838404222107556e-01
-2.499626471393815663e+00
3.716760754112867104e+00
-2.065220483429996978e+00
-1.657028017779973439e-01
-2.710821975945156836e-01
4.948894778958157659e+00
-4.306217732219499439e+00
-1.704751852042790894e+00
4.590170610980333521e+00
1.404764927510687933e+00
3.128397479112340562e+00
1.079327629660653542e+00
-4.955507730921874021e+00
-1.445624533160882130e+00
-3.741839924376467508e+00
-1.874521912976158333e+00
1.008149535417786957e+00
-1.373688291143762008e+00
-2.723537215820131863e+00
-3.844358075083009751e+00
2.476802662070970662e+00
3.829344880354291547e+00
-2.870845133750472566e+00
2.910249566889230977e+00
-2.082022915279440944e+00
-8.242855158126598525e-01
1.330547400977657446e-01
-8.694524103241008106e-03
-2.023978822436709457e+00
-2.252749762173926751e+00
6.214308071114125198e-01
-4.718533771130220877e+00
2.871984222925703989e+00
-2.829456340621011812e+00
-1.994478783394397770e+00
-2.966245843953419836e+00
3.627092243927247495e+00
2.948604641261322712e+00
1.138798035763890937e+00
3.411141768745542535e-01
1.405660942118744927e-01
2.543523642993255507e+00
4.596847610636281445e+00
4.486261596942174634e+00
-1.260070111081531330e+00
-4.621200222386882217e+00
9.482995018505562257e-01
-3.059855269181754878e-01
-4.728691489377641943e+00
-5.043133390700340613e-01
1.723500771076800220e-01
-4.087697771589961171e+00
-1.236705521288201659e+00
-8.514053186516665761e-01
3.333264264272912669e-01
4.173419651740141845e+00
2.199830480924517495e+00
3.498779146960988129e+00
-4.195968850474578460e+00
9.217908088290300839e-01
-2.097420857656958404e+00
-4.617365870787857318e+00
-1.828061883466768123e+00
-4.595890513234035524e-01
-4.385327542846559901e+00
-4.813394190308839526e-01
6.825168387509332746e-01
-3.160280451983028538e+00
2.810992587478871485e+00
-2.393576654742965104e+00
1.433101819161737289e+00
4.813473904616031973e+00
-1.411933676272818516e+00
-2.673791003075800532e-01
-4.803282116096600163e+00
-2.759994585238675135e+00
4.374946399996368029e+00
-2.621170758187333583e+00
-5.576836583845121709e-01
4.030853340416841846e+00
-2.330266732498914806e+00
-3.738864208114699217e+00
-2.558899273829457144e+00
-4.515285224172748357e+00
4.276924436803286156e+00
-2.777835765120020284e-01
3.788219633118643515e-01
4.308241401788993841e+00
1.713803773765270044e+00
-1.296379668524983764e+00
-4.714038943210435484e+00
-2.407228450690973354e+00
1.447980160602984512e+00
