-6.598388682767817315e-01
3.577702880455841949e+00
3.101859088480976467e+00
-3.798614808083291550e-01
2.984094817899917373e+00
2.554318453503785946e+00
4.091168855629756962e+00
-4.913863714003277039e-01
2.244855668366636081e+00
3.306957487922142391e+00
-3.529075006352972999e+00
-3.131831385006975665e-01
1.828494685980644796e+00
-2.657465224832611383e-01
1.157284815189155935e+00
1.105941398961023836e+00
3.346017804367848569e+00
-1.800264752575999605e+00
1.012529841458297497e+00
4.509386023541367194e+00
1.857878286717598471e+00
-9.500722430215704506e-01
1.466180409721141942e+00
-3.830881401093040317e+00
1.586627845384604996e-01
-3.753197295813688328e-01
-3.970626133790293721e-01
1.599961132877516512e+00
-9.615259508411169165e-01
2.550790851278708971e+00
-1.292910702844236592e+00
2.305325276657546496e+00
-2.345210162611019999e+00
2.084867403902447514e+00
4.513896122295509628e+00
-4.102246293962208412e-01
3.055285779751290676e+00
-3.663175077594182927e+00
-3.227768886015739191e+00
3.763524751294649917e+00
3.679424402403160599e+00
-4.855819640137504223e-02
4.395055311895436745e+00
-3.383090674532844844e+00
3.123696884191870637e+00
-3.525671251827438901e+00
9.865136776553606879e-01
-3.630488390710925550e+00
-7.182836539244572549e-01
4.065101413209060155e+00
-7.065072575101147834e-01
3.548152968331468315e-01
-2.886817553566007888e-01
3.296597261157755199e+00
-1.595558389037811331e+00
-1.071685301491447362e+00
3.169992103404386086e+00
-2.880671281082634039e+00
3.140611829682992351e+00
-1.797123939271252357e+00
3.695471983473087363e+00
-2.800157884475573677e+00
9.717313930738580297e-01
-3.138245566233557327e+00
3.917881247436088898e+00
-2.720202136381292490e+00
-2.851258087410220909e+00
3.187020499862141421e+00
-1.062523212724868493e+00
-1.100122707667601230e+00
-1.708267200656511164e+00
3.316594876593049079e+00
1.980063687664844529e+00
1.981751843816518033e+00
-4.623402136545538887e+00
-3.088836753244713407e+00
2.031018885799225515e+00
-4.528752341912189117e+00
-4.392400423606401816e-01
3.427615673781964745e+00
-1.496332433771145887e+00
-2.345261228624918814e+00
-2.208977077390757771e+00
-3.051592903718530536e+00
1.383369090074965335e+00
4.104797127111455168e+00
-3.908137651960283954e+00
-2.976288182307367247e+00
-3.202207061216075790e+00
-4.026696074180597051e+00
3.455415780357078859e+00
4.969631395501215465e+00
-3.269716013168413316e+00
-5.288414011855149255e-01
2.505278820542341300e+00
-3.060709867154148611e+00
