-2.379276072451812496e-01
4.708688077225843926e+00
-2.094846334458866366e+00
-1.470713044525695512e+00
3.652217040065401932e-01
-1.289602641775796421e+00
3.825201799025370164e+00
-1.279915754703511155e+00
1.982439876619358721e+00
-2.941202895140095919e-01
-3.412503207807029426e+00
2.393145101982957712e+00
-9.537133919563869355e-01
-2.159760188312136453e+00
-3.712004201756677890e+00
-1.090495952259455947e+00
-2.774843933296845755e+00
1.049919399921591889e+00
-8.780808037981424619e-01
4.103778996636567200e+00
1.171861766917761116e-01
4.081514673534794468e+00
-3.080674754984276120e-01
4.164121898238111186e+00
2.702714629035956051e-01
2.427588772062935440e+00
1.733042204119924712e+00
1.984777034607983381e+00
3.628072561718198585e-01
2.468830654338287189e+00
8.957366306282565915e-02
-1.399633364210142172e+00
8.855802476752669961e-01
-1.687111527363978958e+00
-2.981247656757255449e+00
-2.410568500341160103e+00
-4.914749825820186935e+00
1.378221707803248819e-01
-1.088834727974099525e+00
3.262959854109228175e+00
-3.308389676355989462e+00
3.620726515726669703e+00
8.754291781674972128e-03
-3.634604804966622638e+00
-3.176557427897706010e+00
-2.328348657296178459e+00
-1.920028671225715300e-01
2.969893815845140672e+00
2.449199278481507314e+00
-3.055978867811397492e-01
-4.405660666479431775e+00
-1.681376989901933960e+00
1.275399790085419482e+00
-8.155612149454016802e-01
-2.879175523805122872e+00
-3.509086704818467073e+00
1.892899425475713215e+00
1.017800464925745274e+00
2.988094188680268104e-02
-1.141085672149493302e+00
3.856118678515464637e+00
3.612970166711399145e+00
4.641720731366609343e+00
-4.997060490706388691e-01
1.060836612736155260e+00
-3.566788966595107802e+00
2.574119103631290706e+00
-8.563399263958784147e-01
-2.705433058662744195e+00
4.552864714829716775e+00
-2.963444773346885164e+00
2.828407270674151874e+00
4.971688178352046350e+00
-1.560696051919419958e+00
-4.788620145254418148e+00
-2.633941112512641070e-01
9.963431324453422278e-01
2.077216995003956512e+00
-1.807423194342430151e+00
-2.583795454879755926e+00
4.779626607242011715e+00
-3.545462170620682585e+00
9.129206111401071411e-01
-2.479676238271182331e+00
-1.688863474833310896e+00
-2.724144983740734105e+00
7.778994877941460828e-01
-1.716128236722427314e+00
1.608509766691135212e-02
1.343629511123159759e+00
-4.903341756889717296e+00
-3.111636312033372320e-01
5.687839522466617836e-01
4.608192967195790857e+00
4.048452768234806598e+00
3.562212944118545721e-01
