-1.909313278385864621e+00
2.284030649161340243e+00
1.048691845936998490e+00
2.687786538648232693e+00
4.410403666383986732e+00
3.351804781434296387e+00
-3.018581854302587963e+00
2.965671315994962143e+00
-3.414591838874239116e+00
-4.187244234037597046e+00
-2.774704053208042254e+00
3.299771873709969938e+00
2.696389484813885851e+00
3.498235741539886590e+00
-3.811217025215443144e-01
2.772555175081369505e+00
-4.691828367086112728e+00
-3.413340882027444678e+00
1.733825217963996579e+00
-1.810616051865690856e+00
3.764408444010271637e+00
6.904211762401164520e-01
-2.889216242828439363e+00
-1.355885098426712343e+00
2.458906981690494931e+00
1.271041419980126541e+00
-4.761722831971954228e+00
-4.944843978232240644e-01
-1.662055561532866932e-01
4.166873129377401952e-01
-6.190060486904958026e-02
4.904102675556554658e+00
-5.442055431859662562e-01
-4.790191589649080761e+00
-2.861584538723480620e-01
2.893153480394684784e+00
2.870872649833199119e+00
-6.682412653872464858e-01
2.841995370035464319e+00
1.620431552205885417e+00
-3.550146682323183089e+00
-3.899470912672104994e+00
2.972814629036593104e+00
-3.677297264597976234e+00
2.431569176060051518e+00
4.845704700373467233e+00
-8.689535720492234105e-01
2.980926228530637268e+00
1.535376758763874250e+00
-1.484391835652101310e+00
-1.219530450137737976e+00
-7.558877759649575978e-01
-1.529612131212996218e-01
3.456340968449454820e+00
3.859540104190076093e+00
1.729906674272826628e+00
4.583403480124070839e-01
1.516698021138711994e+00
-4.908684937287032035e+00
4.342134226049388701e+00
-7.644987090392705298e-01
4.372888427090382280e+00
-2.802233824100017756e-01
-4.847375519748913675e+00
-3.831681114256888510e+00
3.690297760324609655e+00
-7.149353595243370663e-01
3.271009962714195751e+00
1.705432368207610239e+00
-3.099803870058117639e-01
-2.344080306747725828e+00
-3.447838873829851547e+00
-4.646698109998686377e+00
3.269896517359869748e+00
2.117322314405396533e+00
-4.975756860884929189e+00
-4.263930792799897063e-01
-2.040066087231741321e+00
4.515501043104128698e+00
2.138358903702620495e+00
-1.791096380347295458e+00
4.905565238093780422e+00
-1.579964518978931309e+00
2.439508072576170861e+00
1.754452948787292854e-01
1.265528350089489606e+00
4.135691945838569694e+00
3.491330056655794323e+00
3.341882774827153568e+00
1.070851533988474102e+00
-6.403292679558978406e-01
-7.840313928076358962e-01
1.060101229074104090e+00
3.954950468730219271e+00
-4.565337540464305732e+00
2.255784942308177499e+00
