2.896428246322715339e-01
-1.697584599057835320e-01
3.499654894738020161e+00
-2.651165466751606914e+00
4.182403990359279788e+00
4.167592327646314487e-01
1.266324248338023040e+00
-3.968703297624141868e+00
-3.466484612304357782e+00
-9.792908777900146688e-01
-5.726042776474162821e-01
-3.484610626230341346e+00
2.421688074969335247e+00
4.957561844345395485e+00
1.174815588674103850e+00
-5.229519491646321683e-01
-6.198545839681104397e-01
1.601871150004737565e+00
4.213104457611452247e+00
1.793998540156844790e+00
2.133402093188939475e+00
-1.884919819995374279e+00
-4.800598404675866959e+00
-4.197869554773381751e+00
-3.251747370276525384e+00
-3.667816042997176229e+00
1.745132956933156620e+00
3.556637878451201829e+00
-3.708447778300252295e+00
4.906279407317072128e+00
1.995777079039430468e+00
-7.234802920009011373e-01
-1.919714661653024734e-01
3.704234590128693938e+00
2.326094424626914403e+00
-4.858002818369242526e+00
-4.252974256760556848e+00
-1.553795684772918406e-01
-1.633117518287918735e+00
-4.165373245990808826e+00
4.102429693233721864e+00
2.765853979225726178e+00
1.668626307454070812e+00
3.609607654379225039e+00
-1.834944662326679854e+00
-3.534665959098854948e+00
-2.175920125314789733e+00
-1.004071710435943121e+00
-4.534876336989690060e+00
-1.970502327339121784e+00
1.255979491647995161e+00
3.341084604435891947e+00
-7.736266542439231841e-01
2.450434896739067447e+00
-4.966557816893645061e+00
4.976688098732154231e+00
1.349076714489970463e+00
-2.676388419206459979e+00
4.778741350172273528e+00
3.351558711402219615e+00
2.764670749634939639e+00
-3.214167906589905144e+00
-3.262046668418789874e+00
-1.186496597497406214e-01
-3.469828052826873233e-01
-1.761446486364732777e-01
-1.932319662205053135e-01
2.160468265583102898e+00
4.891279079591246415e-01
-9.994627919351994905e-02
-4.087922623112218545e+00
-4.194214692020982405e+00
-3.882974237917059313e+00
1.369207213416317792e+00
-4.934194471774546287e+00
-8.243902820626880512e-01
5.643707908309902876e-01
2.040049888555443225e+00
-4.459074158357282158e+00
1.452155453229604376e-01
-4.359371717891718845e+00
1.384723047033238785e+00
-4.162189519815164829e+00
4.252899171433792702e-01
3.116787870082308842e+00
1.485728099438876626e-01
-2.333008857483052090e+00
3.845420353951388037e+00
-1.969501665409760793e+00
-3.199104857921561962e+00
1.682623702155962242e+00
3.769805448606520670e+00
3.619039079274013915e+00
2.248475632882295017e+00
1.625695447128986615e+00
3.125044048861841617e+00
