-2.365571286389529515e+00
2.424320861111145753e+00
1.788803325125336130e+00
-1.731072350816856620e+00
2.899865146266423999e+00
2.925230570483052794e+00
3.550398763898815702e+00
-8.987012298295606882e-01
-5.515017831638857615e-02
2.811638424406044834e+00
-1.881106717180784038e+00
-4.737252707869087587e+00
-1.555301673346884961e+00
-4.618116242017044293e+00
1.174815588674103850e+00
-5.229519491646321683e-01
-6.198545839681104397e-01
1.601871150004737565e+00
4.213104457611452247e+00
-3.338203850410668139e-01
2.133402093188939475e+00
-1.884919819995374279e+00
3.028830394835734907e+00
-4.197869554773381751e+00
-3.251747370276525384e+00
-3.667816042997176229e+00
3.253069074175131803e+00
-3.165214642023736147e+00
1.752696211037801710e+00
8.190123684607932830e-01
2.117382236673075013e+00
5.295616947449266476e-01
-1.139538572312676301e+00
-2.690610116723649803e+00
2.386894445117819785e+00
-3.950519469492264069e+00
-4.252974256760556848e+00
-1.553795684772918406e-01
3.084128119205724161e+00
-4.165373245990808826e+00
3.306754685862440368e+00
3.330189231540773065e+00
1.668626307454070812e+00
3.609607654379225039e+00
-1.834944662326679854e+00
4.382716020901650467e+00
-2.175920125314789733e+00
-1.004071710435943121e+00
-4.534876336989690060e+00
-1.970502327339121784e+00
1.255979491647995161e+00
3.341084604435891947e+00
-7.736266542439231841e-01
2.450434896739067447e+00
-4.966557816893645061e+00
2.588972754981986313e-01
1.349076714489970463e+00
-2.676388419206459979e+00
4.778741350172273528e+00
3.351558711402219615e+00
2.764670749634939639e+00
-3.214167906589905144e+00
-3.262046668418789874e+00
-1.186496597497406214e-01
2.062084470684424353e+00
-5.137768986408399741e-01
-5.142659578535235809e-01
3.200884271076457566e+00
4.891279079591246415e-01
-9.994627919351994905e-02
-4.087922623112218545e+00
-4.194214692020982405e+00
-3.882974237917059313e+00
1.369207213416317792e+00
-4.934194471774546287e+00
3.990782890591924925e+00
5.643707908309902876e-01
2.040049888555443225e+00
-4.459074158357282158e+00
1.452155453229604376e-01
-6.276982727389244232e-01
1.384723047033238785e+00
1.856653339315790241e+00
4.252899171433792702e-01
3.116787870082308842e+00
1.485728099438876626e-01
-2.333008857483052090e+00
3.845420353951388037e+00
-1.969501665409760793e+00
-4.838851947597799352e+00
1.682623702155962242e+00
3.769805448606520670e+00
3.619039079274013915e+00
2.248475632882295017e+00
1.625695447128986615e+00
3.125044048861841617e+00
