4.580097939219680114e+00
1.092032635796149620e-01
2.622958111700385508e+00
1.039576388336955759e+00
2.616965678609979307e-01
-1.361741501052611270e+00
-4.957324531552224300e+00
-4.194822738952213470e+00
1.087319857727662153e-01
3.603203299907598023e-03
1.286543257780142113e+00
-1.262050885855901861e+00
-4.225994363573528645e+00
-4.581974636626856778e+00
4.763367533503080509e+00
2.115151840494381652e+00
-1.016155415314652366e+00
-3.416659231210283920e-01
2.040331212299931529e+00
9.129651631319166682e-01
3.894157371491147046e+00
-2.122342531662348986e+00
2.211957486970037579e+00
3.099154756251909504e-02
-6.887918189378154921e-01
1.707312843042104511e+00
2.045098540393780695e+00
1.917328615950514070e+00
-2.496235799253543330e+00
-2.463996795821259411e-01
1.904139704709441716e+00
-1.297272409645093827e+00
5.814509525579261151e-01
-4.622450519489412990e+00
7.384222710108270249e-01
-3.824599655662324071e+00
-1.486846575409543902e+00
-2.795341781516436974e+00
1.188305196709107392e+00
-3.825238677546831667e-01
-1.314454639747447473e+00
-4.779425433655996258e+00
-3.326558604148370790e-01
3.135204993959737507e+00
3.142196950322256654e+00
2.092249363084120795e+00
-1.406589636861998116e+00
-8.028876886420741599e-01
-1.590960712741926741e-01
3.249124167388913520e+00
1.227035681968164482e+00
-4.418837128228721767e+00
-2.988198962888502841e+00
-1.128358156654438726e+00
3.773320983626465619e+00
-3.040617174249092614e+00
7.921023859088140995e-01
3.823193217119090548e+00
3.366587782624364422e+00
3.756641712944297495e-02
2.108758142433933003e+00
-9.707083034806593957e-01
3.065248744154413174e+00
-2.488754338117409315e+00
3.488215078466623709e+00
2.342636326038636696e+00
2.240162706752906630e+00
-3.780160557605103389e+00
3.299149338705154477e+00
-4.060470559837955129e+00
6.510305897019721399e-01
3.970823357673932463e+00
8.000101674932462714e-01
4.244218445085879310e+00
3.932160760541663080e-01
-6.327564715319686783e-01
-3.682679860643305325e+00
-3.287982885206561789e-01
-6.201203855877253091e-01
6.952308904406034884e-02
-2.779689244692860939e+00
-1.147211295626262562e+00
4.093365585665731388e+00
-8.749249072360409940e-01
-1.024617681569619521e+00
-5.776535078458566730e-01
4.310661545886615542e+00
2.896143591850800725e+00
5.385732661609186067e-01
-3.284852512313591877e+00
-3.182354012256085607e+00
-1.620630155049429533e-01
-2.470149208083065595e+00
-1.635630782177666109e+00
9.791621268471271122e-01
4.822729807015576853e+00
