2.896428246322715339e-01
2.202120800617116458e+00
3.499654894738020161e+00
-2.651165466751606914e+00
4.182403990359279788e+00
4.167592327646314487e-01
-6.183142775335772612e-01
3.480313105009928520e+00
-3.466484612304357782e+00
-9.792908777900146688e-01
-1.569478702643962720e+00
-3.484610626230341346e+00
-2.492992931940761991e+00
6.852956375802854438e-02
1.174815588674103850e+00
-5.229519491646321683e-01
-6.198545839681104397e-01
1.601871150004737565e+00
4.213104457611452247e+00
-3.338203850410668139e-01
2.133402093188939475e+00
-1.884919819995374279e+00
3.028830394835734907e+00
-1.754774412918549409e+00
-3.251747370276525384e+00
3.826703612686277012e+00
3.784248574998782644e+00
3.556637878451201829e+00
-3.708447778300252295e+00
4.906279407317072128e+00
-2.755301840835108429e+00
2.748663816125560544e+00
-1.919714661653024734e-01
3.704234590128693938e+00
2.326094424626914403e+00
-4.858002818369242526e+00
1.859442578837215088e+00
-1.553795684772918406e-01
-1.633117518287918735e+00
-2.159593439371381152e+00
1.612839201453525106e+00
2.765853979225726178e+00
1.668626307454070812e+00
3.603149209121491836e+00
-4.934988934288140783e+00
-3.534665959098854948e+00
-2.175920125314789733e+00
3.848424459132804287e-02
-4.534876336989690060e+00
1.979398659444058239e+00
1.255979491647995161e+00
3.341084604435891947e+00
-7.736266542439231841e-01
2.450434896739067447e+00
-4.966557816893645061e+00
4.012461306397756999e+00
2.859125385259072338e+00
-2.676388419206459979e+00
4.778741350172273528e+00
3.351558711402219615e+00
2.764670749634939639e+00
-3.214167906589905144e+00
-3.280132957796213500e+00
-1.186496597497406214e-01
-3.469828052826873233e-01
-5.137768986408399741e-01
4.815913643838559466e+00
3.200884271076457566e+00
4.891279079591246415e-01
-2.365072456608277029e+00
-4.087922623112218545e+00
-4.194214692020982405e+00
-3.882974237917059313e+00
1.064149670126504965e+00
-4.934194471774546287e+00
-3.370874518289178390e+00
5.643707908309902876e-01
2.040049888555443225e+00
-2.047272329733316187e+00
1.452155453229604376e-01
-3.129739340122662306e+00
1.384723047033238785e+00
-3.990006929169637395e+00
4.799971236430449650e+00
3.116787870082308842e+00
8.717065759096600530e-01
-2.333008857483052090e+00
3.845420353951388037e+00
-1.969501665409760793e+00
-3.775097980456737723e+00
3.482378875263007600e+00
3.769805448606520670e+00
3.619039079274013915e+00
2.248475632882295017e+00
1.211967259288338816e+00
3.125044048861841617e+00
