-6.984538802798923030e-01
2.694718559351883869e+00
-6.403432625277085677e-01
1.261476854413778881e-01
1.990606898084159582e-01
2.559992669510347874e+00
1.513271267180293478e+00
-4.886516346933285959e+00
-3.022575865637820769e+00
-2.717782873653777909e+00
4.802696953565250837e+00
3.090111086582027156e+00
3.908131563066120862e+00
-3.983913491240800298e+00
-9.607574395431868197e-01
-3.904008394756907308e+00
2.654419008655390044e+00
1.730074624919440751e+00
1.290356255014932785e-01
3.738214750035158573e+00
-2.095738132783536933e+00
-4.842479994585327852e+00
1.070322926384497997e+00
-3.710274772586731551e+00
4.908566291731400355e+00
-1.564744782048304028e+00
-1.447206078553978870e+00
2.131324097756425395e+00
-1.019366978746077734e+00
-4.072207862213633511e+00
2.150070600419122790e+00
3.719212844779292482e+00
-2.390156226886123392e+00
-3.957979598977695801e+00
7.036564987503091118e-01
7.045793655240686348e-01
-2.186555496178238300e+00
3.850602324741217330e+00
-3.732042215823748954e+00
2.655448589456078423e+00
7.013314483970560786e-01
3.212150320322775698e+00
8.432674120865311096e-01
-3.327340204469656726e+00
-1.418524630395991082e+00
2.176175718521220048e+00
1.467049909568633126e+00
-1.320457363169125209e+00
-3.851722993531758732e-02
-2.098992420300650252e+00
7.236310539644410511e-01
-3.452167147286218096e+00
-2.443231273823098793e+00
-2.250707801187700419e+00
1.767059127216219494e+00
-3.986715061335939225e-01
-1.360138276388870082e+00
-2.236774081359182986e+00
-4.547527799211033894e+00
-1.035222606983374760e-01
2.875278530608501804e+00
-1.967259887970725707e+00
-3.643300267015114002e+00
2.069526760538874299e+00
-1.198177971736233971e-01
1.188621654883387890e+00
-2.316615180152097331e+00
3.635018054274631538e+00
3.027277653333410257e+00
1.344825765293714781e+00
1.522609607676503884e-01
2.944830105081884142e+00
1.294238769410300804e+00
-2.768363325818410381e+00
3.901862555471716121e+00
5.872375853897304765e-01
-1.463309780017616468e+00
-3.091652066098323992e+00
-2.860076352294798063e+00
8.640686947816966779e-01
2.556724024903600068e+00
4.308310456959263846e+00
-7.622743712542989769e-01
1.834522916063323628e+00
2.903145581624687388e+00
-4.394450032345529777e+00
3.808236507381730362e+00
7.221508881213001274e-02
-2.737315852007506045e+00
2.962409864365040058e+00
2.906625882898214996e+00
-3.792258817820828298e-01
-4.904852444707090697e+00
-3.649591620371316125e+00
-1.492394016069114926e+00
4.721179663802708149e-01
