-1.394635855291999071e+00
6.810393627596891264e-01
3.827234965874010797e+00
-3.000872769382977090e+00
-3.436387073099532508e+00
-1.954226504503910000e+00
4.027265857372652746e+00
2.513846963588854067e+00
2.852820068471223713e+00
-2.444749824831180529e+00
-2.710049020736965630e+00
-2.014119808615639773e+00
-1.425714651808501543e+00
-3.740442675560450070e+00
2.501098520845729922e+00
-2.391259434477305490e+00
1.339604296999532096e+00
3.678432678121586363e+00
2.757205488172588481e+00
-7.076717453244061318e-01
-3.151461533723064257e+00
-2.028568359314097957e+00
-4.421013430039614001e+00
4.113566092068703384e+00
1.657410389712163479e+00
-2.563983135538122404e+00
-1.581724417560386176e+00
1.904721314511684582e+00
-7.371598894069251173e-01
2.720735116059405101e+00
-3.746164759212685880e+00
-1.985439677598326291e+00
1.087167196319179574e+00
2.479791598831369015e-01
-4.841857172837595868e-01
-1.259669244273267985e+00
-2.329278980581381830e+00
2.685508937125128170e+00
-1.816219980316709837e+00
-2.724377498366594708e-01
1.188363726739706472e+00
-4.363820492540071427e-02
-1.840456392517153539e+00
-1.686387670691499530e+00
-3.195667628186499520e+00
-8.766368306455039061e-01
-4.555177937230237006e+00
-2.435344426302574750e+00
-2.573525162266117050e+00
-2.869844896780273658e-01
-2.120463849001863466e+00
1.621742922121277353e+00
-3.397612550768106310e+00
-2.595109070281984565e+00
4.354676465229481153e-01
-4.141640972647984142e-01
3.655597509633839337e+00
4.411046121521428276e+00
-8.243247282109944507e-01
-2.254672090546252505e-01
3.950001486465218647e+00
-1.363750715943883307e+00
4.484341160082635724e+00
4.619196399918834572e+00
-4.354643261778244678e+00
-7.792086359506802395e-01
1.901538288286559464e-01
-1.253368048939159429e+00
1.463041746377591323e-02
-3.938057116505451205e+00
3.006585757670533710e+00
-3.822555085347714154e-01
-4.540416393023276598e+00
2.517186904337433084e+00
-2.188072328831212943e+00
3.546897685232677233e+00
-7.037209022980048800e-01
1.864437238095154825e+00
-2.597255105330411595e+00
4.607880104368817342e+00
2.668485999461732483e+00
-4.383620717571492520e+00
-4.998774838171331503e+00
-4.171783371113360062e-01
-3.383468533243982890e+00
-6.597916412226103589e-01
1.395096728726819890e+00
4.276924436803286156e+00
2.148294112568790659e+00
3.788219633118643515e-01
4.308241401788993841e+00
1.713803773765270044e+00
-1.296379668524983764e+00
-4.714038943210435484e+00
-2.407228450690973354e+00
1.447980160602984512e+00
