1.142519667376499015e+00
4.377860846388886173e+00
-2.019517724060475583e+00
-1.574088769341666083e+00
-4.420754805320510350e+00
-1.620381807917964601e+00
-6.382139192547828799e-01
4.008501298218599018e+00
3.759294144706991858e+00
1.614370540262712872e+00
-3.408058075353021188e+00
3.925314644306245881e+00
2.997403893618281856e+00
1.189197581483725230e-04
4.579563685632997760e+00
4.468622041635681441e+00
2.459441435422283107e+00
-2.573700877178289659e+00
4.927763505668917077e+00
-4.061647987453998354e+00
-1.386189827223009097e+00
2.744257623838817217e+00
4.730178267299207207e+00
2.016931794537258682e+00
2.198092233940337259e+00
-3.806161468168371087e+00
-8.226029349929131484e-02
3.203166391589807205e+00
1.157472183446323299e+00
4.147036684268936568e+00
-7.094809192041697798e-01
4.416559304623353555e+00
-4.817622932200887220e+00
3.468806106619185314e+00
3.896460180837745924e+00
3.139002263589672381e+00
2.087119851050655228e+00
-4.354764923146696276e+00
6.067467257608374354e-01
2.674631712116450011e+00
-4.592104974039771470e+00
-4.624424352773093716e+00
3.069737273225007002e+00
-1.258011084813772662e+00
-4.187341666012026842e+00
-3.999355963465759167e+00
-3.012208019500980605e+00
-2.533242292895705461e+00
-2.685305888201519053e+00
4.572000054527222801e+00
-3.815101117655166352e+00
-2.756067936998260137e+00
1.788587622331002436e+00
-4.348798936107789004e+00
3.513983535706191930e+00
-4.285023547123336662e+00
2.939950271362667067e+00
3.154604810148629923e+00
-3.882896833021428407e+00
3.992929965011608573e+00
2.129472402902719885e+00
4.478816600022586414e+00
-2.024615117516269436e+00
4.388130588149410372e-01
3.472190970267401866e+00
-6.455529949108029797e-01
-1.371973739734130504e+00
3.399451081872234326e+00
1.119857315844811296e+00
-4.887536696723544516e+00
-3.239103917998390259e+00
-1.709265648326971032e+00
-4.869943562563622486e+00
1.425662749188070677e+00
1.774712753462796222e+00
-3.448731185071789440e-01
4.458247516299234547e+00
1.618486018713353403e+00
1.287633891556300370e+00
3.648984385353221782e+00
-3.676573679081327484e+00
-2.327862733044554489e+00
-4.399058511529839066e+00
1.636447455965907238e+00
-1.615767442333471138e-01
4.614861064434345295e+00
3.761438638326991324e+00
-2.863276555276571322e+00
-7.569565343863082774e-01
1.193697074019519633e-01
4.174758010521070872e+00
-4.917523295859465016e+00
2.431397503456713238e+00
4.485133964848181165e+00
-2.150518928194981250e+00
-4.541813988623443876e+00
