-2.380518128905767306e+00
-2.979649405902780046e-01
-3.294530252279637139e+00
3.605049673821428158e+00
1.556577858788134705e+00
-2.785883942232590726e+00
1.419325216225359121e+00
-1.877423479221995706e-02
-2.155716919278573229e+00
1.272281368536321899e+00
1.553588029329136866e+00
-3.986285155358601173e+00
3.053465496024129422e+00
-4.833929649926458794e+00
2.793925237964556274e-01
4.558090785675954493e+00
1.597370999404095215e-01
2.329634518759374551e+00
-2.414300511051348241e+00
-3.066509457742150335e+00
1.531540691265052878e+00
-3.224096365710500400e+00
2.118608593461281941e+00
6.105695968024758002e-01
4.245878752547566748e+00
5.253216056522749255e-01
-1.783435818721106347e+00
-3.501594078283915223e+00
4.044653915096144914e+00
4.268215310002354101e+00
-4.838938078678491017e+00
2.254336092551536552e-01
3.848489757365310737e+00
-3.815962019976665509e+00
-1.771503556528796430e+00
4.359710854375942191e+00
-4.941830775933320652e+00
-1.782443820026026415e+00
2.790002550531808012e+00
-3.441193177170580597e+00
8.414604245083125988e-01
7.692665667593390211e-01
-2.317732752026443244e+00
3.274617400591493421e+00
4.521549512100408563e+00
4.829304789819978794e+00
-1.218879189600269086e+00
1.884678651127074112e+00
-1.524846209554563181e+00
4.670845428989174764e+00
-1.596295299837807491e+00
-1.319186150669384716e+00
-4.883050536508275030e+00
3.429917804998156683e+00
1.764772251619347365e+00
-4.520108093698053331e+00
7.437631037233458642e-01
-3.221887056236483193e+00
1.495758917226083895e+00
-1.406498782122675983e+00
1.272574307496522117e+00
-4.868788051128798422e+00
-1.398547920264489264e+00
2.212664241253635922e+00
-1.271276905522401357e+00
4.648184789130665351e+00
2.913726050194686223e+00
2.628465549676475277e+00
-1.594552733441462422e+00
3.752866081317975500e+00
-3.734471441092845900e+00
-1.743039270091220061e-01
-3.461427207398734218e+00
-1.937655172704280115e+00
-2.813217530883051154e+00
-1.932536605955475828e+00
-4.456377102103954435e+00
2.987395170397544319e-01
-4.619597699172710570e+00
-4.782449812771787379e-01
-3.679404800858882219e+00
-4.480074592632021790e+00
-1.354466468306974036e+00
-1.586513850446882312e+00
-3.106753755847433407e+00
5.970580557563067714e-01
4.736920196380244974e+00
2.238022250611769515e+00
1.772879181277855487e+00
3.112119733305794611e+00
-4.742887270923459297e+00
-4.731130389578112272e+00
-9.679215714016118355e-01
-1.221367994986409578e+00
3.106249033116789349e+00
3.616205960470360026e+00
