1.894954944380307538e+00
2.860575285643387033e+00
-3.409747790996853212e-02
-1.697347909401808685e+00
-2.903664591018336516e+00
4.645622822607652580e+00
-1.882514843372820934e+00
-2.824147679173712788e+00
-2.441641766749126141e+00
-1.749402423533200412e+00
-4.725426908275661475e+00
3.540731750800439670e+00
-2.611131305006861858e+00
-1.188875462616273637e+00
-1.005835904080663035e+00
-1.559837698116874893e+00
1.360671451951135147e+00
1.157512893749537142e-01
-9.810662175544315744e-02
-2.411453351626087205e+00
1.307301120228189006e+00
3.841243099258678129e+00
-3.767048806513661141e+00
-2.910122774014659797e+00
-4.005439180453466363e+00
-3.389617319607214352e+00
5.614113239624476392e-01
1.477731410317117522e+00
6.231629176168373974e-01
-3.200056685237753218e+00
3.506375646812800895e+00
7.840906650736574335e-01
-1.969111606362786482e+00
4.369851288502866637e+00
5.668354281564615960e-01
3.005821586636468368e+00
6.148432673314587760e-01
-1.583546291344966939e+00
9.047946932729313829e-01
-3.873748815700283288e+00
3.910409659121425463e-01
-3.663260888079705957e+00
-1.303116876651442269e-01
7.110094893588323472e-01
1.875945615630705277e+00
-1.915848035480332889e+00
3.316763328680069733e+00
1.362329672255489399e+00
-1.127887044931722649e+00
1.161015687646699490e+00
9.171262922530187822e-01
5.957144684210211594e-01
2.115242004124927355e+00
-1.454420628862785669e+00
-2.254064339349046708e+00
1.164119567597037275e+00
2.267551797480179765e+00
2.240494000446177303e+00
-1.503625997973755624e+00
6.840723421275018978e-01
-3.787520027769712971e+00
-3.650513905656352698e+00
-4.310407831919391697e-01
1.149678278106711637e+00
1.267612231587800231e+00
2.680666473912578951e+00
-3.674401151521837772e+00
-3.490809878760669172e+00
-4.363937792120394121e+00
-3.645009745176023053e+00
-4.332753310496935129e+00
4.031478365451775403e+00
3.148546301880443821e-01
1.899541132891129358e+00
2.859298308990881665e+00
1.899290182966350216e+00
-4.010412247447998624e-01
9.559321779321230395e-01
-4.909195457146903863e+00
3.211369079149111627e+00
-2.695920220063850792e+00
-3.450225027062661098e-01
4.459460287459378947e+00
-9.870978620271664283e-02
3.591078547732088566e+00
1.130190406734458364e+00
-3.686545541058824149e+00
1.555584760558494928e+00
-4.632696175964635898e+00
1.927890396089769531e+00
4.221342508262473814e+00
2.853052952097048234e-01
1.610628429203858403e+00
-3.842569360387759758e-02
-4.239453586127748252e-01
-1.061181742642720582e+00
