3.213286504056483750e+00
1.411745031893944180e+00
1.758114765512489797e+00
-8.244077133208129737e-01
-1.557222746646829137e+00
3.789309007074152191e+00
2.235567137305577212e+00
-3.576419229511282882e+00
-1.422413537034340258e+00
-1.020407497922666273e+00
3.194152276786343947e-01
2.993965066611047554e+00
1.533784880782114612e+00
-5.088089658400374304e-01
1.193766631900086139e-01
-1.892252740029171321e+00
7.738945269984363051e-01
3.103622895387930569e+00
3.649590759833323261e-01
-3.673917668979027606e+00
-4.295013058782687132e+00
-4.869521271273091756e+00
-3.631039447550070687e+00
2.430785313006992077e+00
-4.025064857323731538e+00
-1.922738585003425982e+00
4.865213152664262353e+00
1.185452395947431015e+00
-2.061304426501618714e+00
-2.138175052736865922e-01
-2.307501266902556303e+00
-3.990380641401890749e+00
1.020985130124904217e+00
1.792492527337209651e+00
4.214438083162601600e-01
3.686010262359786793e+00
-2.920299699431302187e+00
2.234268900194660290e-01
-3.921440495557409811e+00
2.963608361697510851e+00
2.522907194978451173e+00
2.876261205616542860e+00
-1.594666455160436147e+00
-4.346393259477126847e+00
-1.933148920586082120e+00
-1.518385779979386285e+00
-3.136166415534652252e+00
-2.182546948764565453e+00
3.001600079968591572e-01
2.144773338039768440e+00
4.719975361834819694e+00
-4.294552590938498504e+00
4.620750441859035718e+00
1.974158702823029188e+00
3.546178923449563314e-01
3.091180534653435785e+00
-1.930179175664878954e+00
-4.276227783863718379e+00
1.930653533608167827e+00
3.187705719379167135e+00
3.138835434434636085e+00
-1.907389078592478526e+00
3.715124627540781432e+00
3.420836578320567867e+00
-3.158815992980711584e+00
1.793090615560291035e+00
-1.491054947730308111e+00
3.642243511263693279e+00
-1.339532782702548275e-01
-3.045573033255362994e+00
-4.871722294755586269e+00
-1.119257365250851954e+00
-2.465469894587672073e+00
-9.255575774308226755e-01
-4.410851440724290029e+00
-1.472082453306517102e+00
-5.738621436707722623e-01
2.209870125046378142e+00
-4.880923557387971456e+00
-7.759008747631037650e-01
-9.172293664867456897e-01
-4.528390498098891825e+00
-2.682151817774027780e+00
-4.964252815296990029e+00
-3.684081665670361438e+00
1.446676027337742809e+00
-1.845414295391258008e+00
1.255376424744630626e+00
-3.243470027386067045e+00
1.680053233254743539e+00
3.928293409745080567e-01
7.184527326646978906e-01
-3.244139424323542187e-01
1.903137341101173163e+00
-2.853973053257864656e+00
-4.463089500618728778e+00
