-3.947100576880784306e+00
-8.249094055957781890e-01
2.928570979818623243e-01
2.216878247722455342e+00
3.334437782135468709e-01
-4.988116726013057445e+00
-3.299999901374683908e+00
4.461591614542536277e+00
4.076605753003763155e+00
-2.444749824831180529e+00
3.151673845820424091e-01
-2.014119808615639773e+00
4.185204167076644666e+00
1.904631266066378004e+00
2.447824010271646422e+00
-4.512428804515109526e+00
4.185047230461051981e+00
-4.578487817390053394e-01
-3.378732616841619851e+00
-4.471094059783700558e+00
-4.223259316554663023e+00
-1.363660134669282264e+00
-8.532273406594264031e-01
2.946587229926977081e+00
-3.069255322252637530e+00
2.117935945675090359e+00
3.599998796292267045e+00
2.306115014427402521e+00
4.404245246553927018e+00
-2.087643885519867570e+00
1.851397531730986756e+00
-3.174776666048423124e+00
-4.963507894537984910e+00
-2.292957288462655896e-01
-1.466376389223263743e+00
-1.371042831483078039e+00
1.960482511439400888e+00
-1.092391797930249098e+00
-8.135956079890824810e-01
-1.390127617180772823e+00
1.188363726739706472e+00
-4.363820492540071427e-02
-1.745757794597056822e+00
-1.686387670691499530e+00
4.567670285330979851e+00
4.447084384235747478e+00
-2.005882449258701072e+00
-2.435344426302574750e+00
1.493547831718958996e+00
-3.394432945394241230e-01
-2.120463849001863466e+00
1.621742922121277353e+00
-3.397612550768106310e+00
-4.600216714616447433e-01
-3.487583392449709940e+00
3.089350522906979535e-01
3.650671405650474100e+00
-2.120687328381798409e-02
-8.315658896000552858e-01
-4.890821873891502136e+00
3.194409335751144496e+00
-1.363750715943883307e+00
4.484341160082635724e+00
4.619196399918834572e+00
-1.343457739342752699e+00
-8.896536824591656512e-01
-2.702005736179926565e+00
3.909249265550867491e+00
7.852019535673901984e-01
6.825168387509332746e-01
-3.160280451983028538e+00
-1.401890185027609093e+00
-1.608274537590987929e+00
1.433101819161737289e+00
3.567299309887328462e-01
3.546897685232677233e+00
2.432061979364455340e+00
2.067575916687229842e+00
-6.968153844347337866e-01
-3.449107708230194635e+00
-1.916174467949636195e+00
-2.339495910500148934e+00
-4.998774838171331503e+00
-1.994488395174183193e+00
-4.869372280105497275e+00
1.460839538512388458e-01
4.478596499384330798e-01
-3.214456072766702643e+00
-1.346267656107573707e+00
-2.240081847216306432e+00
8.546906211654956564e-01
4.603405880055932542e+00
-3.072985453670127320e+00
-4.120499022966104263e-01
-2.407228450690973354e+00
1.447980160602984512e+00
