4.510160041416229504e+00
1.704050856448182216e+00
-4.747407276908148788e+00
7.209014157723903082e-01
1.753156644710909262e+00
-4.448724666858407950e+00
4.314705089517525849e+00
-4.170749011923680527e+00
-4.813980001401967357e+00
-4.272830795990238961e+00
3.340513606681689396e+00
2.208514818169565075e+00
8.787161427587539819e-01
-4.126742902143289093e+00
3.976157815045365140e+00
-3.183326892241338246e+00
9.340526967542732706e-01
-1.825120306664942404e+00
4.523674174739205966e+00
3.938281391950752663e+00
-5.105058737084053888e-01
-1.635551348900750046e+00
3.966972150306604661e-01
-3.181258642599913422e+00
-2.297442176872364961e+00
8.800729414334043099e-01
-2.273451346450951149e+00
-1.241532632543023151e+00
1.659487936986661971e+00
1.359851548074662020e-01
2.316592864052133827e+00
-2.649142651175405483e+00
-1.176019064946189019e+00
1.331800324335073782e+00
2.249388595682825454e+00
-6.200776588913843312e-01
1.606985312667647214e+00
-8.537175191483701298e-01
-2.572076462310502798e+00
-2.695040533467941479e+00
-4.928779022100890472e+00
1.828866172227400000e+00
-1.406524590234932148e+00
4.742329370575316005e+00
-2.882480979351189632e-01
1.518003129253743921e+00
-4.711657989288883464e+00
4.095542691073523756e+00
-1.345937103417893521e+00
2.700845545641181289e+00
3.365616914095070911e-02
1.254598689331025696e+00
2.842780852285175186e+00
-9.254448522655289722e-01
4.187544825728339859e+00
-4.484695057515983407e+00
-2.488836658414053993e+00
-1.122912387383903088e+00
1.136927576440722731e-01
1.030487167242092994e+00
4.584426407437550921e+00
2.639653347544380857e+00
2.241585175113877781e+00
-1.222174346641357268e+00
3.918300154315261352e+00
1.488856554460618931e+00
3.131141494632485589e-01
1.138660369851823617e+00
-4.424954172488797965e+00
4.495968885238943002e+00
3.553101499710088262e+00
-4.119698683701362718e+00
-4.035279595592563773e+00
3.403439830304035851e+00
1.765183861164873136e+00
3.901801974195603151e+00
5.399869870515185966e-01
5.196342038973753574e-01
-4.324800841397595796e+00
-1.151731857421295580e+00
2.873632811863455316e+00
1.882143513902069465e+00
-2.425284121749200494e+00
-1.761297346345608084e+00
4.779216799596586185e+00
-4.076581026311281164e+00
-4.432530548997758224e+00
-9.665572716384165375e-01
-1.021370096396708504e+00
3.218662239996668006e+00
2.636857578109150779e-01
8.662139549265930327e-01
-4.291512423564160628e+00
-4.548844494706870023e+00
9.235055355392205456e-01
2.410110549515350975e+00
