-4.765701670527927369e+00
2.444394867268452565e+00
-1.023197479835249446e+00
2.258759792073822936e+00
-4.227038690467814774e-01
-5.598917443302662278e-01
-4.347902113604382279e+00
-5.005236887294497450e-01
9.049381281210946426e-01
-4.965646701152481413e+00
3.695152933622500413e+00
4.359680635539346483e+00
-4.344676572621085420e+00
4.761372058847479494e-01
-4.974558849016269768e+00
1.560260505865562308e+00
1.611683597322736361e+00
8.297781447642362807e-01
8.219316190740579842e-01
3.896654151595363658e+00
1.168928307781339271e+00
-4.863989395084562517e-01
3.213272991181723270e+00
-4.900894377737309071e+00
8.233837842988886990e-01
4.094105468305258455e+00
2.389283174294125622e+00
-2.787289963340048082e+00
-4.721038399853774159e+00
1.830589334510149158e+00
-2.953885547856502924e+00
4.315978437852269423e+00
-1.545094764222327832e+00
-1.189697995057124036e+00
-4.264050103747750953e+00
-1.933117608889576289e+00
-3.502211803234035692e+00
2.868521943406594943e+00
-1.738361937419909964e-01
2.980283366237915565e+00
3.439503762384452656e-01
-3.628456925676543321e+00
7.113851793855019423e-02
4.042404357531969694e+00
1.959928963447684858e+00
-4.560753114611335590e+00
-3.279559007534971204e+00
1.479679276640776031e+00
-4.111501509475074201e+00
-2.958773747286451705e+00
-6.900887998531333167e-01
-1.251383476757623736e+00
-2.629289832655183012e+00
-1.546754052857046702e-02
4.652268095668809167e+00
2.158225364983897165e+00
3.300505803934299820e+00
1.434462209262019172e+00
3.331026691132585427e+00
9.844919582188191853e-01
-3.978582372217275065e+00
-2.519296494060485614e+00
-1.298399084157608740e-02
-1.416788522408971573e-01
3.127502958511559683e+00
-3.206411846681698208e+00
-2.839026328375701347e+00
3.926262510142064954e+00
1.570499769856246175e+00
7.343773970940929985e-01
1.480640984507709312e+00
4.253136020435720255e+00
1.375302616898831154e+00
4.870114265384334118e+00
5.904639046326822793e-01
-1.067346430660350620e+00
-1.125417745165590233e+00
-2.375951943437655256e+00
3.427761307981350924e+00
-4.274538907689603207e+00
4.581149823269459631e+00
4.194395734279321886e+00
-3.748240453540447881e+00
2.815023524968127688e-01
-4.438783892976605472e-02
2.759085218006767981e+00
-2.169495279734132698e+00
-3.005453467279173285e+00
-8.529531528929057416e-01
4.910414075029464698e+00
-1.258227002096949931e+00
4.741448793870254974e+00
-4.410869648754052186e+00
-2.496077899495783292e+00
4.447172416865541322e-03
2.780981491747940737e+00
