1.378299264473927366e+00
3.432064293415203693e+00
-1.372402608749375474e+00
-1.140248966239352235e+00
-3.070549546650482853e-01
4.268800982071256911e+00
2.404398803917912275e+00
-3.802723067018745073e+00
3.609762948402096328e+00
-3.507886794145394838e+00
1.728304490398437920e-01
-9.293249636491296428e-02
3.837565567504283237e+00
4.822844160409852421e+00
4.000813301976535286e+00
7.811572088650944323e-01
1.789058109177815936e+00
-2.421015269641589640e+00
1.613900932029265434e+00
2.934202597673043478e+00
-5.390140781965238048e-01
-1.892085392357668816e+00
-7.188315558708495701e-01
1.098772966163931386e+00
-1.240845356301830904e+00
-4.330922709193682607e+00
1.081079455376555920e+00
5.026779964030101411e-01
3.989181672623807628e+00
-4.869572051348797004e+00
-3.443860727868591987e+00
-3.575996442879476600e+00
-1.840559306555097585e+00
1.204887824800401575e+00
-1.663460614169608220e+00
3.070763720518236539e+00
-2.287538587678730195e+00
-2.524519156254637409e+00
4.601169426191017209e+00
-2.747016450005901333e+00
-3.032230219151481609e+00
-2.743895659124586661e+00
-4.781111066134524634e-02
-9.882360603489628303e-01
-3.416586997293036276e-01
-3.266246584281605969e+00
7.950573232844231342e-01
-4.759958290112593637e+00
-4.056364301134810724e+00
-4.676449552560556278e+00
-2.367461303780190818e+00
1.877447286963591644e+00
3.978403141674558441e+00
-1.065479715153415441e+00
1.915606142671332890e+00
-3.681608173453162713e+00
4.498752338222036684e+00
-1.211065940415086750e+00
4.868523352678455041e+00
-1.711699082120965443e+00
-2.246951812506794433e+00
-1.081823984842562592e+00
-3.482428553362636237e+00
2.824029243431880332e-01
4.543535003320366528e+00
-3.514550135659866292e+00
4.807298645189799657e+00
-3.360422432979185636e+00
2.307707026431192077e+00
1.165340694547057687e+00
-2.726067487805511114e+00
-3.014012296565713456e-01
5.636430609426259508e-01
-3.451034834144056873e+00
-2.180885611176861527e+00
-6.697724840658345613e-01
3.607727445554118617e+00
3.662071996228920767e+00
-1.628171969647848272e+00
2.293855701325242080e+00
3.840574778165779080e+00
3.992852730361873270e-01
4.511907755481885829e+00
4.396545124177412944e+00
2.195156798203288240e+00
-4.833890802018546040e+00
3.122901779286282320e+00
4.538098964359818410e+00
5.889085355339975791e-01
1.232737525680064117e+00
1.791369473293319636e+00
-3.227366481897866457e+00
-1.229005873479597000e+00
-2.362945106435888398e+00
2.209184861208211004e-01
-4.679784507806505900e-02
