3.857955696530353862e+00
3.165569990988180038e+00
4.124857936259790137e+00
8.729748854765695398e-02
2.410351832993291588e+00
-1.131886089496968673e+00
-9.814977570981966437e-01
1.318416819689016251e+00
-4.726185922282547303e+00
-3.678889072696866158e+00
5.452453288482850269e-01
8.771279343764444292e-01
-3.356625362020828618e-01
-6.444440517929201917e-01
-4.889163076013417708e+00
1.181708518174646727e+00
1.723017910209176051e+00
-1.165915139307507342e+00
-3.902096960517287272e-01
-3.368206208868165241e+00
3.228990995117221985e+00
-9.145510124012599107e-01
3.815332583749764694e+00
6.085365092513050911e-01
4.229881828558401224e+00
4.743848330479345066e+00
5.702067581471705893e-01
9.827014315673689993e-01
-1.355733179092337704e+00
-4.572889313510422049e+00
-3.918566678189053576e+00
3.934762785179078293e+00
1.685033440652934367e+00
3.776563406300066816e+00
4.032964635570351675e+00
-4.177339756515806357e+00
-1.072894902044208010e+00
-1.384650532217548413e+00
-1.655014634332208079e+00
1.554719948646894778e+00
-2.119120394561465837e+00
1.328395038060287803e+00
-8.766660917797324259e-01
-3.800812600591752854e+00
-3.245123700349688001e+00
-4.778505940680536135e+00
9.005218875800267142e-01
-2.606165868338390368e+00
-2.992491601668811896e-01
2.283758875303202984e+00
3.231455168040813675e+00
2.650006186620884385e+00
2.271348004048487468e+00
2.305194839143547725e+00
1.916054277284295893e-01
1.721283266672735124e-01
-3.024982018761890323e+00
2.490783472582547731e+00
4.786956403583324970e+00
-2.160365962291526110e+00
-2.389565121420348603e+00
3.806727509086300643e+00
-1.489939365960887052e+00
1.073624449069746412e+00
1.915006438019833723e+00
-4.735180809456112527e+00
-2.207069569766372474e+00
-1.950583959718654725e+00
1.883282274595164729e+00
4.828000109273142826e-01
1.883289610365689093e+00
1.458361937921090146e+00
2.099446844483806807e+00
2.854333638198779610e+00
-2.512819848453726745e+00
-6.434604131004935113e-01
-2.375070675382344731e+00
2.456291719775393290e+00
-2.642274884755280162e+00
5.368329348932974199e-01
4.005546657584510228e+00
2.835497256798740651e+00
-2.660221814533776374e+00
-3.661148706956579346e+00
-3.338054616184453760e+00
-4.025754354778000810e+00
4.121171191358003583e+00
-1.316437513139903093e+00
2.407204772777468804e+00
-3.507880075814941989e+00
8.094131388255103587e-01
3.569457235015086383e+00
-4.570985586522686717e+00
-5.848544509239639311e-01
1.725925811823792344e+00
-4.741807672927268236e+00
