-2.994642213494778105e-01
-2.941474702174994071e+00
-3.790317693532232468e-01
4.290022877685924385e+00
9.463885088030865589e-01
-4.442805425015112775e+00
2.756959650895018044e+00
-4.613400910908236341e-01
2.540847674663703870e+00
-5.578110006044800784e-01
4.624125876053000184e-01
3.980725893054694708e+00
2.996872009360790123e+00
-2.194811040858496654e+00
4.311510385071061435e+00
-4.368492933332994710e+00
-2.033764661085692982e+00
-2.601938245798645077e+00
3.188072980668680501e+00
9.551529065659156714e-01
-3.314746163581661076e+00
3.440096017560298591e+00
3.965078638087820906e+00
3.882309881124099249e+00
-6.887918189378154921e-01
1.707312843042104511e+00
-2.210866877911090711e-01
-1.781190851913255990e+00
-2.496235799253543330e+00
-1.879483965197186190e+00
3.211191680357242006e+00
-1.297272409645093827e+00
6.614511956251085678e-01
-4.622450519489412990e+00
7.384222710108270249e-01
-3.824599655662324071e+00
3.626101403527755451e+00
1.086912585947375831e+00
-3.717589454888527989e+00
3.272827794380862798e+00
4.268164042211830989e+00
2.748367988848948507e+00
9.885893461239074753e-01
3.379863593767773011e+00
-4.041647841096457583e+00
-4.687156660162335342e+00
-2.943388043583103020e+00
-2.527752305514988862e+00
3.312863995482970836e-01
2.616619104038449883e+00
-2.111301259308107081e+00
-4.989014868155931204e+00
-2.988198962888502841e+00
4.268047954406933187e+00
-4.998129767576770632e+00
-3.040617174249092614e+00
-7.007638730010326000e-01
3.823193217119090548e+00
9.216876254590395945e-01
-8.865593705848890949e-01
2.108758142433933003e+00
-9.707083034806593957e-01
-3.246942747616048397e+00
-4.219117601941402285e-02
3.488215078466623709e+00
3.705172482263103362e+00
4.289017407478858956e-01
-3.780160557605103389e+00
-1.147097777748584679e+00
4.198270612380097688e+00
3.658366893477287718e+00
2.447132089236303543e-01
2.936336192841260129e-01
-4.558702972530586095e-01
1.866415773973615799e+00
-3.919830833149400284e+00
2.418232255247293239e+00
3.418666076066335435e+00
-4.328405634391661039e-01
-1.768700636725851538e+00
4.464768818567634412e+00
3.546322760952289599e+00
-2.982966554487720412e+00
1.463791408377073111e+00
1.150096984773444575e+00
-2.767094869519688416e+00
-6.030834750355982266e-01
1.819970834903332779e+00
2.973033538038263757e+00
-1.411605349368916240e+00
1.697701997894495385e+00
-4.074385160123337180e+00
1.004774901693937572e+00
-1.170716320633756524e+00
-1.321853003286075356e+00
-5.635811853293670737e-02
