4.953954467716213728e+00
1.856036525877502896e+00
-1.429859959419677029e+00
3.605049673821428158e+00
1.556577858788134705e+00
-1.692450293267265593e+00
1.419325216225359121e+00
-2.487881828240462667e+00
-2.155716919278573229e+00
2.693623465884499524e+00
1.553588029329136866e+00
2.703809517890597647e+00
3.607737756509362015e+00
-3.019558088622184222e+00
2.793925237964556274e-01
-4.067129387804699014e+00
1.597370999404095215e-01
2.329634518759374551e+00
-2.414300511051348241e+00
-3.066509457742150335e+00
1.531540691265052878e+00
-3.224096365710500400e+00
2.118608593461281941e+00
6.105695968024758002e-01
3.650930989275614991e+00
-3.383009679394526348e+00
-1.783435818721106347e+00
-2.419194636753855043e+00
4.044653915096144914e+00
4.268215310002354101e+00
-4.838938078678491017e+00
2.254336092551536552e-01
3.848489757365310737e+00
-3.449640877974726738e+00
5.221490134277431139e-01
4.359710854375942191e+00
-4.941830775933320652e+00
-1.782443820026026415e+00
-3.203374741124673797e+00
-4.121520045211579664e+00
8.414604245083125988e-01
7.692665667593390211e-01
-2.317732752026443244e+00
3.274617400591493421e+00
4.521549512100408563e+00
4.829304789819978794e+00
-4.222843584993364097e+00
-4.552978444508184452e+00
-1.524846209554563181e+00
4.670845428989174764e+00
-1.596295299837807491e+00
3.308861763006106571e+00
-4.883050536508275030e+00
3.429917804998156683e+00
1.764772251619347365e+00
-4.520108093698053331e+00
7.437631037233458642e-01
-3.221887056236483193e+00
1.495758917226083895e+00
-1.406498782122675983e+00
-3.700518062271301645e+00
-4.868788051128798422e+00
-1.909935092757622854e+00
1.123315358607768211e+00
4.267879074940420736e+00
1.525583609083302150e+00
-4.345545784656693833e+00
-9.387423693865049046e-01
-2.281444508207245647e+00
1.745787035481662031e+00
-3.820392185811796182e-01
-1.743039270091220061e-01
-3.461427207398734218e+00
-1.937655172704280115e+00
-3.648189127255276887e-01
-2.775058235415632790e+00
2.341997004128271165e+00
2.322905172396972695e+00
2.232746113407952926e+00
1.448741270968419315e+00
4.297804915994163366e-02
-4.480074592632021790e+00
2.426633918437717696e+00
-1.586513850446882312e+00
-3.106753755847433407e+00
5.970580557563067714e-01
3.353855463041176321e+00
2.238022250611769515e+00
1.772879181277855487e+00
3.112119733305794611e+00
-4.742887270923459297e+00
-4.731130389578112272e+00
-9.679215714016118355e-01
-1.221367994986409578e+00
3.106249033116789349e+00
3.616205960470360026e+00
