-2.380518128905767306e+00
1.856036525877502896e+00
-3.294530252279637139e+00
3.605049673821428158e+00
1.556577858788134705e+00
-2.785883942232590726e+00
1.419325216225359121e+00
-1.877423479221995706e-02
-2.155716919278573229e+00
1.272281368536321899e+00
1.553588029329136866e+00
2.703809517890597647e+00
3.053465496024129422e+00
-3.019558088622184222e+00
2.793925237964556274e-01
-9.025424727965534188e-01
1.597370999404095215e-01
2.329634518759374551e+00
-4.647046718879618510e+00
-2.857156417137538540e-01
-9.293161900912592088e-01
-3.224096365710500400e+00
2.118608593461281941e+00
6.105695968024758002e-01
3.650930989275614991e+00
-3.383009679394526348e+00
-1.783435818721106347e+00
-2.419194636753855043e+00
4.044653915096144914e+00
4.268215310002354101e+00
-4.838938078678491017e+00
2.254336092551536552e-01
3.848489757365310737e+00
-3.815962019976665509e+00
-1.771503556528796430e+00
4.359710854375942191e+00
-4.941830775933320652e+00
-1.782443820026026415e+00
6.944957724651521502e-01
-3.441193177170580597e+00
8.414604245083125988e-01
7.692665667593390211e-01
-2.317732752026443244e+00
3.274617400591493421e+00
4.521549512100408563e+00
4.829304789819978794e+00
-1.218879189600269086e+00
-4.552978444508184452e+00
-1.524846209554563181e+00
4.670845428989174764e+00
-1.596295299837807491e+00
-1.319186150669384716e+00
-4.883050536508275030e+00
3.429917804998156683e+00
4.000948085674917110e+00
-4.520108093698053331e+00
7.437631037233458642e-01
1.083331779764559855e+00
1.495758917226083895e+00
-1.406498782122675983e+00
1.272574307496522117e+00
-4.868788051128798422e+00
2.468869607716115411e-01
2.212664241253635922e+00
4.267879074940420736e+00
1.525583609083302150e+00
6.254219129983891179e-01
2.628465549676475277e+00
-2.281444508207245647e+00
3.752866081317975500e+00
-3.820392185811796182e-01
-1.743039270091220061e-01
-3.461427207398734218e+00
-1.937655172704280115e+00
3.702417543927511545e+00
-2.775058235415632790e+00
-2.136378288639492418e+00
4.271708384527695301e+00
2.232746113407952926e+00
1.448741270968419315e+00
-4.798309073525821589e+00
-4.480074592632021790e+00
-3.427937713026216748e+00
-1.586513850446882312e+00
-4.525117594922938302e+00
5.970580557563067714e-01
3.353855463041176321e+00
2.238022250611769515e+00
1.772879181277855487e+00
3.112119733305794611e+00
-4.742887270923459297e+00
-4.322769499438937402e+00
-1.666517532018719550e+00
-1.221367994986409578e+00
3.106249033116789349e+00
3.616205960470360026e+00
