-1.721322431633921290e+00
4.481897941470981195e+00
4.309913847727885994e+00
-2.145006898325064526e+00
-1.881560798253913980e+00
4.909469857132204851e-01
4.960761221715074498e+00
1.174409472415574029e-01
1.649615921716987899e+00
2.071746739913793434e-01
-4.628796071328432404e+00
4.781295375861850161e+00
-3.273570249436058788e+00
-3.809448887679839579e+00
6.783823752273230312e-01
3.961697001655185346e+00
-3.996541889074532783e+00
-8.578598741044132225e-01
-2.007963317556581195e+00
-2.659083898195930828e+00
-1.146419249883305014e+00
1.424897665121527268e-02
-2.594640065438413856e+00
-2.045555229507200146e+00
4.375551562365618707e+00
2.977711906166502942e+00
-4.633169729259582148e+00
4.059118053828232320e-01
2.635706234072935139e+00
-1.237770923978996684e+00
2.313295190332808282e+00
3.928287260891472954e+00
1.883987993701726538e+00
2.043757752179961251e+00
-4.036065863917731811e+00
-2.003222666488002623e+00
-1.467856853789847094e+00
-5.226953469011252906e-01
-9.154208602058568900e-01
-9.693383975168874400e-01
7.106173554395089909e-01
-3.076339597220238975e+00
-3.789832659601266585e-02
2.078654961150713021e+00
2.442493861268244970e+00
-2.858096394699031428e+00
2.902329653736837045e+00
-8.735478401768670409e-01
2.384095151323175621e+00
-2.552733316753315052e+00
9.575973923675391575e-01
4.879746635367384400e+00
1.216050826399275309e+00
-4.975716468642231050e+00
1.403780549950129242e+00
4.417221056083672437e+00
4.226003481671824602e+00
-2.791994375546815732e-01
-2.966708028445093071e+00
2.782810650324201163e+00
-2.884195936133768789e+00
-4.569566811817332486e+00
-4.627931814679808298e+00
2.184508627401936742e+00
-4.974351796990865715e+00
-2.119844034663191046e+00
-1.155669265141177071e+00
-4.158016032125955164e+00
4.329099813620370441e+00
-2.743418664327733403e+00
-2.474779826831462692e+00
-2.262845211847090976e+00
3.384104143666588627e+00
-9.335995146524869170e-01
-9.198864712450172121e-01
4.742962604449358466e+00
1.298638526808649551e+00
-2.278951908470840948e-01
3.783327324381223988e+00
-4.258388943968305362e+00
3.944384337418894049e+00
2.714827706758102366e+00
1.725917451410737158e+00
-1.033231327900426599e+00
3.047583498713226646e+00
3.688575590179452135e+00
-4.064156771731434858e+00
2.480532370886194826e+00
-4.031025450555593359e+00
-7.063220469824695869e-01
3.119602599850212599e+00
8.074665203596298468e-01
-5.339413356286843992e-01
4.169932707887955559e+00
-2.343611364152268450e+00
-2.340345296489891869e+00
