3.269561938301135839e+00
3.489052418361401564e+00
-1.883407728783267565e+00
2.258759792073822936e+00
-4.227038690467814774e-01
-7.657180035126351925e-01
-4.675985797253630949e+00
4.819762138770709470e+00
-4.080311076888337496e+00
-4.965646701152481413e+00
3.695152933622500413e+00
4.164341177907999736e+00
-3.468213216645010810e+00
-1.296853079800145636e+00
-8.696945894963734602e-01
1.560260505865562308e+00
1.611683597322736361e+00
1.764044509048048326e-01
8.219316190740579842e-01
3.896654151595363658e+00
-1.512721908610109800e+00
-4.089607487828025967e+00
3.213272991181723270e+00
-4.900894377737309071e+00
-4.964700393238127063e+00
3.610436640255979768e+00
-1.083323588782971747e+00
-2.787289963340048082e+00
-4.721038399853774159e+00
1.670336439877226908e+00
2.424313855536556872e+00
-1.704484016070750840e-02
-1.545094764222327832e+00
-1.189697995057124036e+00
-2.428246931100253025e+00
4.206750844182199245e+00
3.993955328681941808e-02
2.868521943406594943e+00
-1.738361937419909964e-01
-2.107253430189741650e+00
-2.688350225366695767e-01
-2.491648401175696748e-01
-4.231870282727241417e+00
4.042404357531969694e+00
-1.278017719614323866e+00
-4.560753114611335590e+00
-3.279559007534971204e+00
1.479679276640776031e+00
4.308312848044513643e+00
-2.958773747286451705e+00
-6.900887998531333167e-01
-3.586451999969844096e+00
-2.629289832655183012e+00
-1.049358169163006060e+00
-4.452475132982335104e+00
2.158225364983897165e+00
3.300505803934299820e+00
-1.391286662270907470e-01
3.331026691132585427e+00
-7.181984035287580781e-01
-3.978582372217275065e+00
-2.519296494060485614e+00
-1.298399084157608740e-02
-2.314188384519393349e+00
2.132417331326381671e+00
9.621513645194825770e-01
-2.839026328375701347e+00
2.533615760706913633e+00
-3.389811269817416317e+00
7.343773970940929985e-01
1.480640984507709312e+00
3.160595779694119756e-01
-2.481059857636467303e+00
4.870114265384334118e+00
-2.673007523106582184e+00
-4.107307507945207270e+00
3.957392902651893252e+00
-2.375951943437655256e+00
1.332634938528975965e-03
-4.274538907689603207e+00
3.607245947685457921e-01
3.435383281543483491e+00
-3.748240453540447881e+00
1.695427503028944294e+00
-4.438783892976605472e-02
2.759085218006767981e+00
-2.169495279734132698e+00
-3.005453467279173285e+00
-8.529531528929057416e-01
4.910414075029464698e+00
-1.258227002096949931e+00
4.741448793870254974e+00
-4.410869648754052186e+00
-2.496077899495783292e+00
4.447172416865541322e-03
2.524739469572319095e+00
