1.742141098367710583e+00
1.651745135552207699e+00
8.729745227088416826e-01
4.349600097860014003e+00
9.589485527315915192e-01
-1.495991908649917157e+00
3.878121953777242226e+00
-2.882779517550577708e+00
-3.645344530952048245e-01
-2.376088273464641354e+00
4.842561383413933385e+00
-7.171366198384205859e-01
-1.338963821764612483e+00
-1.947513442336562761e+00
-3.455285673669765689e+00
4.000189945288235904e+00
6.933275063974981833e-01
-2.314433390838933846e+00
4.769388198605099660e+00
-1.816931045013871149e+00
4.912241310192861476e+00
-3.274619416462995147e+00
-3.526005671281372322e+00
1.431137798670113703e+00
1.702015481196822222e+00
-4.684966443875798525e+00
4.363285685189220331e+00
-7.275304327374767510e-01
3.789389174386734283e+00
-8.394199533829036497e-01
-3.719355907059975763e+00
7.649899847040604328e-01
2.096397048894473869e+00
-1.433064694035137698e+00
-4.159308575272573805e+00
-4.590519526581116949e+00
-2.697812673404430761e+00
-2.403460556128370840e+00
-4.541635888588890779e-01
-3.740366229742324578e+00
-9.165669524656827605e-02
8.485734910525177810e-02
1.125099215356103244e+00
2.796052272028735963e+00
-3.559057179421577288e+00
4.104456303015341589e+00
-5.664954375959432298e-01
-7.697705256792932715e-01
2.673815407515135689e+00
2.869244208640665761e+00
2.244520961047987484e+00
1.412798613943083481e+00
1.194663422359855787e+00
-1.701067009386264317e+00
6.714961461018535971e-01
3.698033760238008227e+00
-3.061854012431729721e+00
-1.987280666195931911e+00
-3.986520751494140313e-01
-2.439218098565161252e+00
2.466552701698009997e+00
-3.108772790094849192e+00
-2.683686646511525886e+00
1.841002322802900437e+00
1.647738094659957575e+00
3.765308353472514469e+00
4.033447369762139800e+00
4.383879238237666343e+00
1.781551844758388903e+00
2.465559612463641415e-01
1.679946519017738282e+00
-4.003927413961150705e+00
3.254602067140750066e+00
3.416024103308398452e+00
3.461561225785890983e+00
3.500947543770839943e+00
2.990883323908803959e+00
3.781785066692076924e+00
-3.349352531642476372e+00
4.535927101372806192e+00
-1.109015264354740182e+00
-3.665927483794333419e+00
-2.211214635559813679e+00
3.038980156685690659e+00
-2.859438439234731621e+00
4.204660832262421266e+00
2.769304646401085535e+00
3.219194302954010212e+00
2.967405427740089863e+00
-2.771822069643191888e+00
-4.527270567538225876e+00
-4.978976932900921248e+00
2.371723157742838595e+00
-2.739273202163148291e+00
-2.545557168891292577e-01
-1.393070799143731886e+00
