-3.947100576880784306e+00
-1.919712892475708976e+00
3.827234965874010797e+00
-3.000872769382977090e+00
-3.436387073099532508e+00
-2.506440776995264574e+00
-2.252751391841665285e+00
2.513846963588854067e+00
-3.002520264319683552e+00
-2.444749824831180529e+00
3.151673845820424091e-01
-2.014119808615639773e+00
-3.709374415950161819e+00
-3.740442675560450070e+00
-4.381770147935984738e+00
-2.391259434477305490e+00
7.608078979543284603e-01
4.367151860657537910e+00
-3.062828142822255906e+00
-4.471094059783700558e+00
-4.223259316554663023e+00
-2.466594340240289895e+00
-2.528676232442460758e+00
2.946587229926977081e+00
-3.247280702786969897e-01
-2.705785343564910406e+00
-2.613997532706058280e+00
2.306115014427402521e+00
4.404245246553927018e+00
-2.087643885519867570e+00
1.851397531730986756e+00
-8.589310266521543724e-02
-8.097188281285196965e-01
-2.292957288462655896e-01
-2.097682883571264867e+00
-1.371042831483078039e+00
3.993552239541918070e+00
-3.021376515280870478e+00
1.940633398979314528e+00
-2.724377498366594708e-01
1.188363726739706472e+00
-4.363820492540071427e-02
2.846007148939352582e+00
-1.686387670691499530e+00
4.567670285330979851e+00
4.447084384235747478e+00
-4.555177937230237006e+00
-2.435344426302574750e+00
-4.245901107773079275e+00
-3.394432945394241230e-01
-2.120463849001863466e+00
1.621742922121277353e+00
-3.297185374811531844e+00
-4.600216714616447433e-01
-3.487583392449709940e+00
3.089350522906979535e-01
8.869483671300173455e-01
-3.872346227134792152e+00
-8.315658896000552858e-01
1.723338572598022367e+00
3.194409335751144496e+00
-6.314001166867857506e-01
4.484341160082635724e+00
4.619196399918834572e+00
-1.343457739342752699e+00
-8.896536824591656512e-01
-2.702005736179926565e+00
3.999651158938156925e+00
3.973302944151207328e+00
6.825168387509332746e-01
-3.160280451983028538e+00
-1.401890185027609093e+00
-1.608274537590987929e+00
1.433101819161737289e+00
3.567299309887328462e-01
3.546897685232677233e+00
2.432061979364455340e+00
2.067575916687229842e+00
-6.968153844347337866e-01
-4.606919016348822282e+00
8.056315198210262096e-01
4.965316157929866137e+00
3.646136699275610127e+00
-4.171783371113360062e-01
-3.383468533243982890e+00
1.087328727621322599e+00
4.478596499384330798e-01
-4.196638473615781351e+00
-1.346267656107573707e+00
-2.240081847216306432e+00
8.546906211654956564e-01
4.826314853343914635e+00
-3.072985453670127320e+00
-3.746727342455518084e+00
-2.407228450690973354e+00
1.447980160602984512e+00
