-3.947100576880784306e+00
-8.249094055957781890e-01
8.691868348006117628e-01
2.216878247722455342e+00
3.334437782135468709e-01
-4.988116726013057445e+00
-3.299999901374683908e+00
4.111496496615968610e+00
4.076605753003763155e+00
-3.436169419289254456e+00
-3.217964250184931707e+00
4.174593570482256766e-01
4.185204167076644666e+00
4.716024520271506759e-01
2.447824010271646422e+00
-4.512428804515109526e+00
2.744468074631977395e+00
-4.578487817390053394e-01
-7.759566153970283153e-01
-4.471094059783700558e+00
-4.223259316554663023e+00
-1.363660134669282264e+00
-8.532273406594264031e-01
2.946587229926977081e+00
-3.069255322252637530e+00
2.117935945675090359e+00
6.500831999266960537e-01
2.306115014427402521e+00
-3.213355637801708298e+00
-2.087643885519867570e+00
-7.637531383328441947e-01
-3.174776666048423124e+00
8.177671070672829501e-01
-2.262820389579674796e+00
-2.868065073532353182e-01
-1.371042831483078039e+00
3.993552239541918070e+00
-3.021376515280870478e+00
-4.194521453949820788e+00
-2.724377498366594708e-01
-2.656182267853291812e+00
-4.363820492540071427e-02
-1.745757794597056822e+00
-1.686387670691499530e+00
4.567670285330979851e+00
2.147633731822818248e+00
-4.555177937230237006e+00
-2.435344426302574750e+00
-4.245901107773079275e+00
-3.394432945394241230e-01
-2.120463849001863466e+00
1.621742922121277353e+00
-3.297185374811531844e+00
-4.600216714616447433e-01
-3.487583392449709940e+00
3.089350522906979535e-01
8.869483671300173455e-01
-3.872346227134792152e+00
-8.315658896000552858e-01
1.723338572598022367e+00
3.194409335751144496e+00
-6.314001166867857506e-01
4.484341160082635724e+00
4.619196399918834572e+00
-1.343457739342752699e+00
-8.896536824591656512e-01
-2.702005736179926565e+00
3.999651158938156925e+00
7.852019535673901984e-01
3.656802106096264993e+00
-4.352523278643740667e-01
-1.401890185027609093e+00
-3.967887181289414755e+00
1.526925755044414856e+00
3.567299309887328462e-01
2.410300940170548856e+00
2.432061979364455340e+00
-2.897341951010865557e+00
-6.968153844347337866e-01
-4.606919016348822282e+00
-2.213130134196825693e+00
4.965316157929866137e+00
3.646136699275610127e+00
-4.171783371113360062e-01
-3.383468533243982890e+00
1.308550885497065330e+00
4.478596499384330798e-01
-4.196638473615781351e+00
1.899002882063392406e+00
-2.240081847216306432e+00
8.546906211654956564e-01
4.826314853343914635e+00
-3.072985453670127320e+00
-3.746727342455518084e+00
-2.407228450690973354e+00
1.447980160602984512e+00
