-8.805775184844089054e-01
1.473003796950900224e+00
3.030561756748188174e+00
-1.847401483749695483e+00
-1.813401323319841829e+00
-4.602581149384729287e+00
1.011826075172783668e+00
-4.976999246677557664e+00
1.304304919657543138e+00
-3.886357169036257275e+00
4.070332369855140797e+00
2.983887206003466019e+00
3.685775744025033163e+00
-1.389878009169587258e-01
1.222619585020467525e+00
3.809510980658583179e+00
3.892724787597678926e-01
3.852034632887757937e+00
-4.744976984001642251e+00
-3.267437675229822869e+00
1.525810079846939615e+00
-2.553745888460067448e+00
-7.250511571398856603e-01
1.925320276015214382e+00
-1.975135401455716533e-01
-1.344933272881959851e+00
2.544236158936374892e-01
-2.849669560558339754e+00
2.859308738051062448e+00
3.085513409566743803e+00
2.866051375844174132e+00
1.839893371691552204e+00
-1.934846053515090425e+00
-3.130453539359106863e+00
-4.709525476491519314e+00
4.354013216794124119e+00
4.537785326134395447e+00
-4.696357724357490326e+00
-5.074150878942607079e-02
-3.804760989151182216e+00
6.073061212463084502e-01
-1.509962686708380630e+00
3.972075668412722749e+00
-2.371428352344135959e+00
3.532599258064852421e-01
-2.902199138946057744e+00
4.240698022796598465e-01
-1.517122317225805261e-02
3.659864553966595935e+00
-2.701710888616375428e+00
-5.574411431286474539e-01
-2.804405365884269585e+00
6.256034684789266720e-01
-1.334834118447350004e+00
4.808450526596590890e+00
2.731530224197023848e+00
3.308962175397553551e+00
3.632877301214010757e+00
-2.239850281444000224e+00
-3.675120862438074898e+00
-3.768891890727499305e+00
-3.175018449928612707e+00
-4.999515399508163149e+00
-1.875947383003776281e+00
1.291484044005180465e+00
2.911367354988964706e+00
3.535308948090989389e-01
-4.465697193529120312e+00
-2.448864405357023877e+00
-2.836586600543523851e+00
-3.278848672939792763e+00
5.687588810742987278e-01
1.056053586203025141e+00
-1.116617376888640045e+00
-2.813217530883051154e+00
-1.932536605955475828e+00
-4.456377102103954435e+00
2.987395170397544319e-01
-4.619597699172710570e+00
-4.782449812771787379e-01
-3.679404800858882219e+00
4.831465490685385333e+00
-3.091686670946474091e+00
-6.772696655825605205e-01
2.879831678986092491e+00
1.168077100896926623e+00
1.591817710483882209e+00
2.830486452384180396e+00
2.076463755518966892e-01
-7.601523156906155876e-01
2.823696325593702205e+00
-4.364651770114024387e+00
-1.705435012623052415e+00
-4.543248228257082744e+00
-2.180167886367917696e+00
-2.645154396736064673e+00
