-4.690475231281227231e+00
3.263979254242697081e-01
-2.566266570695043825e+00
1.657580197009369982e+00
1.394802345388784559e+00
-3.345854044610528710e+00
4.187259504920104902e+00
5.898806495158783747e-01
-3.166859751815586321e+00
1.088619489519784267e+00
4.297494346992532854e+00
4.115260052225869103e+00
-2.327344604924288518e+00
-6.167185012196885197e-01
-2.265877118359894915e+00
2.142210528323311713e+00
-4.068876264823590994e+00
4.176529164519527271e+00
-1.914959903779723582e+00
-4.592239322048916605e+00
-3.605322752104934914e+00
-8.614187225711775753e-01
3.639870399000544765e+00
2.347778461421282437e+00
-4.999653845499199001e+00
4.331877547301935749e+00
-4.986033617389415973e+00
4.371592951719836861e+00
2.827586942013255999e+00
4.323855017712253002e+00
4.358478870622189305e+00
3.968215301051490229e+00
-1.798520963914478354e+00
-3.404622953236095206e+00
2.803702520402254983e+00
-2.933214045085205335e+00
-2.638678475804148160e+00
-1.249242453463219604e-01
8.337647404569992204e-02
-1.981496233458610590e-01
3.624287427728758004e+00
2.590872468044572940e+00
-3.813688007522108236e+00
-4.872599281578819053e+00
1.412176384619181491e+00
9.385802726647476391e-01
4.692393302263688781e-01
-4.320518589162873013e+00
-2.549845390146370239e+00
-1.861698066857431222e+00
-3.350972355850979412e+00
4.984828896002465370e+00
2.925704965525650181e+00
-2.366191681516261802e+00
2.938623382430092690e+00
-1.803595258928571976e+00
2.017471905797279419e+00
-4.131996064133142355e+00
-4.356673726170139815e+00
-2.630735865174601784e+00
-3.991897930251120385e-02
-1.144546412198251595e+00
6.059545811930799886e-01
-3.088066571034157271e+00
4.460898040769368578e+00
1.777649910314824666e+00
4.871403929695496515e+00
-2.470876347988879562e+00
-4.433216572510358056e+00
-1.895523334363602430e+00
3.815052781096950341e-01
-2.814288030999929635e+00
3.418192362267468809e+00
-3.972061603960201914e+00
-2.298575126640210797e+00
-1.134556692483006390e+00
-1.459142745976373945e+00
-2.791880461254343526e+00
-2.761793750784600210e+00
-1.564283135810896397e+00
1.923026092175882162e+00
-2.504995876102236174e+00
3.023460269723589278e+00
2.343938368629414626e+00
2.612661492692817333e+00
9.418682749634621487e-01
1.222516287759967568e+00
1.358021262705606524e+00
1.902263803863508684e-01
-1.206694891175688067e+00
-3.665260164806869447e+00
-1.792339901905608546e+00
-3.855349420554103901e+00
2.942002119619489875e+00
2.238950542822889744e+00
-4.842954452038629398e+00
