-2.789772319752087171e+00
2.461287590068178766e+00
3.011661556154018982e+00
1.628666354719232601e-01
2.420825284825500745e-01
1.116677241556828903e+00
8.617176620254642927e-01
-5.223318429423331466e-01
-1.186962388229313436e+00
1.016159026079588301e-01
2.758315295288631397e+00
1.635047068847593543e+00
4.452238474323273465e+00
-7.013609482577809473e-02
4.828475895614127822e+00
-2.419500158677037049e-01
-1.488448302824107117e+00
6.144823343742213950e-01
1.242497397224564537e+00
-2.605444927578278502e+00
-1.937179268760650608e+00
-8.973864667277977603e-01
1.683455885894796111e+00
-1.379439549841319224e+00
-9.499441816185836274e-01
-1.978679619460386174e+00
-1.225900387116269030e+00
-3.545023606154533713e+00
-1.099690892456610669e-01
-2.289382384091974920e+00
-4.822530772040140690e+00
-1.327339132917382258e+00
-1.076633300798404136e-01
4.149592716051282437e+00
-4.395509763554640514e+00
3.646738173808838468e+00
-1.676294321026592371e-01
3.580694943196235158e+00
-3.032279855807811231e+00
1.279605148742329668e+00
-2.710316865716180246e+00
3.877530522980347172e+00
-3.968177232546175048e-01
-2.526616338046205890e+00
3.738693836995716779e+00
-1.899086287289488695e-01
3.394192277275287495e+00
4.755149674918758507e+00
2.082127244816682321e+00
-3.994109732569719462e+00
-4.573162563112573409e+00
-4.236539434412147642e+00
-3.598676891273208334e+00
4.410185034526463710e-01
-3.295951186713538483e+00
1.832758988017593182e+00
-1.425237563423624731e+00
-4.882559603452124364e+00
2.513808620639452762e+00
-7.772290004739232927e-01
-3.394482291221821768e+00
7.140088834924895878e-02
-1.882485000310029299e+00
5.353014194376140011e-01
2.215233918354584830e+00
4.672922102243688869e+00
1.409952588890863723e+00
-2.691427954902102293e+00
1.125706169939819645e-01
3.079095059499030285e+00
3.783017232908440164e+00
-3.814448611257219568e-01
-4.473299346423235789e+00
-2.578704361746923190e+00
-3.213595040387376756e+00
-2.724886268208369877e+00
3.613450800751950354e+00
4.237504563142570291e+00
1.230939867626537065e-01
-1.000666121910839479e+00
-4.177727564107716063e+00
3.347817097177538059e+00
-9.837063542903639046e-01
-3.562744289401761577e+00
-1.301221940694998747e+00
-4.547078868052500944e+00
-2.864256419171533619e+00
-8.927774743901570886e-01
-3.489878942141062534e+00
-2.430444486931304660e+00
-3.823292352308718112e+00
-1.113180615260622730e+00
-4.572964170590130273e+00
-2.657285220980110108e+00
2.158140527262847996e+00
3.894409763434312666e+00
