4.932580187438290409e+00
-3.011202534271809839e+00
3.527817966477153178e+00
-4.398226354691576745e-01
1.678162093714325565e+00
1.966150863840007368e+00
-1.422310044388060746e+00
1.087416219618138946e+00
-1.697942215667389565e+00
-4.830572856154011774e+00
-4.513735521407731710e+00
-2.328887172594877875e+00
3.938822493095361921e-01
-3.913685673675766363e+00
-2.646444090500086332e-01
3.616049646661554817e+00
4.913859996585362211e+00
-3.597462135158747465e+00
-3.517413850681280429e+00
-3.486777221122280501e+00
-2.255537154282976964e+00
-1.990975659294917044e+00
1.732693616647903667e+00
1.976681220815094342e+00
4.662391104039897982e-02
-2.740936816505290530e+00
-1.064728466513216176e+00
2.032750873563093919e+00
1.506595116112299237e+00
3.682335515505306134e+00
2.939752829142693535e+00
-4.252553015907906797e+00
2.798781396669577148e+00
4.705941880118128751e+00
-1.558442836903601858e-01
5.421782232572152083e-01
3.026230610374467389e+00
-1.549939947400964524e+00
1.183696062192403531e+00
-1.071456910906777082e+00
-1.313515327668759447e+00
-3.816844877735489305e+00
-1.748156609855437083e+00
1.372565173975006658e-01
4.783955088078501561e+00
-4.448308662967630056e+00
-3.145480322730538347e+00
-3.058324424154049481e+00
-3.045186193742482672e+00
-1.777157893557946622e+00
-1.803743250115980246e+00
-3.904761816661717067e+00
5.805770936319376574e-02
-3.942552596868178494e+00
2.006812740183154808e+00
-2.384682908400614920e-01
-2.036267271715664684e+00
1.420077950124532862e+00
-4.586090381821667172e+00
-1.437503289423478492e+00
3.305170495708841472e+00
-4.712148215853398270e+00
-3.709566762061129452e-01
-4.424682755738427176e-01
4.306584581707287640e+00
4.994441395987671228e+00
-8.532687702081922509e-01
-8.886333670161548071e-01
2.331522628673053710e+00
4.279514076759580732e-01
-2.344301248823802197e+00
-1.217597736479125725e+00
-2.763572801660148848e+00
4.245026900362082856e+00
-4.429400886662728354e+00
-3.754270009780960038e+00
-1.726577602287093782e-02
1.455223591346978651e+00
-1.254064710243030234e+00
-6.681899576079972647e-01
-1.354601310720115137e+00
2.430577693221103175e+00
6.797762146037253927e-01
-3.035648890311458459e+00
1.846293214439638675e+00
1.984433807114318604e+00
-3.572973835025941902e+00
6.218560300155306919e-02
-2.170865261695287263e+00
-4.679120806999713444e+00
2.386556951875935084e+00
-2.320194120303451513e+00
-4.897328891897866576e+00
-1.149470438171789066e+00
3.411460581128670455e+00
8.778618774054578466e-01
