4.184295495977870871e+00
3.668943535081439222e-01
2.106374023749488344e+00
-1.985399760718331574e+00
-3.498518499311470187e+00
3.205627955671651819e+00
2.589800038738372834e+00
-4.300673156903989991e+00
-2.151210163882236515e+00
4.961158172993204829e+00
3.324550977365998250e+00
-2.340292364070238662e+00
-3.134529454379137992e+00
3.381616484661895683e-01
8.983824665387718511e-02
1.233825378996789901e+00
-3.721305916943984382e+00
3.247573623776897733e+00
-2.764257407738368588e+00
-8.828051834291787969e-01
-1.946442062216018343e+00
8.480082777961346352e-01
4.269943289581522805e+00
-6.038321556773666998e-01
-1.623189896352280392e+00
2.234317798993683546e+00
2.323928518964921253e+00
-4.216727134562505697e+00
1.449875081891258688e-01
-4.697148025904822610e+00
-2.534137998124277313e+00
3.019548749422449774e+00
4.361647086357518077e+00
9.244471833387155613e-01
8.310894960082659821e-02
-3.137306707422899965e+00
-3.873471486115699136e+00
-2.847230304738631368e+00
-1.032905439627564981e+00
4.112080445802607898e+00
-4.750190637069708899e+00
2.354138405750686225e+00
-3.835536560953335616e+00
-2.974140183335431953e+00
-1.482412942290859625e+00
-2.501681459410377784e+00
3.631454455683762461e+00
-3.180730110127676369e+00
1.470441704919174697e+00
3.585256242559713868e+00
-4.081398425743718583e+00
-2.154911520998781249e+00
-3.540605449134196725e+00
-3.384927233101819866e-02
1.529036652335947544e+00
-1.471382040753325349e+00
4.836945342838872008e-01
1.342018343300299676e+00
1.160907963366152096e+00
-2.979016385171362469e+00
-3.248312337534386973e+00
2.554020028075089321e+00
1.529508510750332562e-02
5.939591881610395419e-01
-4.792838369789715891e+00
-1.719714545814043927e+00
-2.286333579588735176e+00
3.697725513501291417e+00
3.998375503919335827e-01
4.309437351817242856e+00
-4.524970658822191183e+00
-4.111178075756614092e+00
3.483845187189045234e+00
-4.415353597042217970e+00
4.729755903036632958e+00
4.695439792194033402e+00
8.132921375093769001e-01
-9.585034917565868895e-01
-3.364991299327391161e-01
-4.911088388903710467e-01
-1.210113395021271465e+00
-4.865598655327437960e+00
4.300019240062887604e+00
-1.641794670569030057e+00
-1.747746333262971685e+00
-2.672253568669180623e-02
3.632159756137252060e+00
-2.382800559186071254e+00
-5.341544839070504480e-01
4.672233136063042025e-02
5.397922490724651468e-01
-3.152992481994126628e+00
9.844987133414360159e-01
-1.486181490389123283e+00
-4.162593484054766257e+00
-4.536065431700740724e+00
