2.632816648391144376e+00
-1.827538116927462930e+00
2.622958111700385508e+00
-4.097293306670321655e+00
-2.220297763548935155e+00
-1.537831356058445564e+00
-4.957324531552224300e+00
-3.771897185538470865e+00
4.982941639450420013e-01
3.603203299907598023e-03
1.286543257780142113e+00
-1.262050885855901861e+00
-4.225994363573528645e+00
-4.369636747768563367e+00
1.156152771596836715e+00
2.115151840494381652e+00
-1.016155415314652366e+00
-4.976342792656466507e+00
2.728906818704301074e+00
9.129651631319166682e-01
4.983279833174771412e+00
-2.122342531662348986e+00
2.211957486970037579e+00
3.099154756251909504e-02
-6.887918189378154921e-01
1.707312843042104511e+00
2.045098540393780695e+00
1.917328615950514070e+00
-2.496235799253543330e+00
-2.463996795821259411e-01
1.904139704709441716e+00
-1.297272409645093827e+00
5.814509525579261151e-01
-4.622450519489412990e+00
7.384222710108270249e-01
-3.824599655662324071e+00
7.179232751816897462e-01
1.086912585947375831e+00
1.188305196709107392e+00
-1.340263988657205196e+00
4.467287902574774705e-01
-4.779425433655996258e+00
-3.752598166977127114e+00
3.135204993959737507e+00
3.142196950322256654e+00
4.396963735674761509e-01
-1.406589636861998116e+00
-8.028876886420741599e-01
-2.997170473049366457e+00
1.634692922469379361e+00
1.227035681968164482e+00
-4.418837128228721767e+00
-2.988198962888502841e+00
-1.128358156654438726e+00
-4.998129767576770632e+00
-3.040617174249092614e+00
7.921023859088140995e-01
3.823193217119090548e+00
3.366587782624364422e+00
-4.203750815213873615e+00
2.108758142433933003e+00
-9.707083034806593957e-01
-1.674958305872458197e+00
-4.219117601941402285e-02
3.488215078466623709e+00
2.342636326038636696e+00
2.240162706752906630e+00
-3.780160557605103389e+00
3.299149338705154477e+00
-4.060470559837955129e+00
6.510305897019721399e-01
-1.404480848322266162e+00
8.000101674932462714e-01
4.244218445085879310e+00
3.932160760541663080e-01
-4.206652451647176605e+00
-3.682679860643305325e+00
-1.076944658225824636e+00
-6.201203855877253091e-01
-3.626517402298191861e+00
-2.779689244692860939e+00
-4.918223511042381979e+00
3.275571350048911867e+00
-8.749249072360409940e-01
-1.024617681569619521e+00
-3.874960067043339507e+00
4.310661545886615542e+00
2.896143591850800725e+00
5.385732661609186067e-01
-3.284852512313591877e+00
-3.182354012256085607e+00
-1.073474132367241651e+00
-1.772537386959098793e+00
-1.635630782177666109e+00
9.791621268471271122e-01
4.925579205501794178e+00
