-4.396035805621787418e-01
-4.826771910350142747e+00
-6.726505890051495129e-01
-1.231169314029844308e+00
-4.079169208012474179e+00
4.068092525952920369e+00
3.934953747192006190e+00
3.994126680398471407e+00
2.956534181599330680e-01
-2.252700781800558438e+00
-3.015318907725780484e+00
-1.397160509274619766e+00
-4.666012167794654886e+00
-4.618116242017044293e+00
5.224096061456897644e-01
-4.504991901006283328e-01
4.875381927915823255e+00
1.319311993221559121e+00
-1.997236363298537931e+00
-4.826673755152467216e+00
-3.162012603750949946e+00
-1.241674694141904567e+00
-1.639344234100313713e+00
1.220232177710460775e-01
-4.864686776845116079e+00
4.348232082330607540e+00
-3.583755338255434353e+00
2.362303050757682321e+00
2.500972899447394759e+00
-1.214116899991243059e+00
-2.389761666291205788e+00
-3.072049412347663822e+00
2.373708282673837822e+00
9.073525969389786283e-01
3.174163542075458366e+00
3.197645386170723469e+00
-3.222903813899158365e+00
-1.075572296953428708e+00
-1.605722674531043559e+00
-4.116424589238656395e-01
4.135275428156761635e-01
-4.061711485851745351e+00
1.867749441843401748e+00
1.799286751056085265e+00
4.712498982752592269e+00
2.023519496480520985e+00
1.994091035008503709e+00
2.097285223814937538e-01
2.422152065029884227e+00
7.091657962111792557e-01
2.428621689096931213e+00
-1.756193881582870375e+00
-3.080605735727567129e+00
3.499722028548861275e+00
3.972629233308683894e+00
-1.132947000915007774e+00
3.443849759249586029e+00
3.285210831396433662e+00
-1.111006409466722467e+00
-6.356215885874245686e-01
-4.408292856788521341e+00
-3.514805759943305574e+00
2.005296568995630579e+00
-3.461625554288651152e+00
-1.128079144282720936e+00
7.903947614910542541e-01
4.796897929675559169e+00
3.257051464771357985e+00
2.253691989087815983e-01
5.401061077487456785e-01
-2.292710969850388913e+00
1.963540419222979061e+00
5.270310137429543573e-01
4.398900779346968548e+00
-4.679494279655804334e+00
2.192183081868034122e+00
-2.176266996013640487e+00
-4.180709014804628865e-01
-3.571350249438713043e+00
1.058582860279015492e+00
3.359465005409681737e+00
4.426331527381055508e+00
3.834709159365862874e+00
-1.206338028923824801e+00
-3.673138940831206511e+00
8.717065759096600530e-01
-2.690620314718987771e+00
-1.803923106872007409e-01
-4.030718357125961049e+00
1.063871975432565620e+00
4.589897097771164169e+00
2.820117853079924686e+00
-2.558820426356200883e-01
-2.028819683535684426e+00
-3.144212281561413747e+00
-3.826618001909047884e+00
