-3.760065399104064454e-01
4.085052991282358548e-01
2.755298969018670441e+00
2.674547072354891419e+00
-4.884953932519467301e+00
3.711161116163246732e+00
-3.964426217729336344e+00
-3.617028931129695479e-03
2.559025732409867970e+00
1.713513012661285195e+00
4.586029900314073871e+00
-2.571222539744034918e+00
4.267379746528270346e-01
-4.299930738970764388e+00
-1.093132681922137639e+00
3.927105430962868127e+00
3.694225873471221888e+00
-4.408824377623091095e+00
-5.797707639973577187e-01
1.061556593793042680e+00
4.754288764223902675e+00
2.297683109738319018e+00
-1.798462360479745392e+00
-2.567218331563505540e+00
3.410558398085703047e+00
1.007347636127726709e+00
3.198589077021264160e+00
-4.507719704087016055e+00
4.774478060665575896e+00
4.883198028595884921e+00
-2.565952597410873004e+00
-3.691106143211215773e+00
4.797978373328604107e-01
1.768647250341754074e+00
-4.739224354007857798e+00
4.235199911072303536e+00
7.891715831906109813e-01
3.580379672131632773e+00
7.919723774583662390e-01
4.103138098941323975e+00
-3.091909935147081345e+00
-8.855328594567470901e-01
-3.741702429316165812e+00
1.910911747245608083e+00
1.959928963447684858e+00
-4.560753114611335590e+00
-3.279559007534971204e+00
1.479679276640776031e+00
-4.111501509475074201e+00
-2.958773747286451705e+00
-6.900887998531333167e-01
-1.251383476757623736e+00
-2.629289832655183012e+00
-1.049358169163006060e+00
4.652268095668809167e+00
2.158225364983897165e+00
3.300505803934299820e+00
-3.734519282783279603e+00
3.331026691132585427e+00
9.844919582188191853e-01
-3.978582372217275065e+00
-2.519296494060485614e+00
-1.298399084157608740e-02
-1.416788522408971573e-01
3.127502958511559683e+00
-3.206411846681698208e+00
-2.839026328375701347e+00
3.926262510142064954e+00
1.570499769856246175e+00
3.383403583325009123e+00
1.480640984507709312e+00
4.253136020435720255e+00
1.375302616898831154e+00
4.870114265384334118e+00
5.904639046326822793e-01
-1.067346430660350620e+00
-1.125417745165590233e+00
-2.375951943437655256e+00
3.427761307981350924e+00
-4.274538907689603207e+00
2.338369342467656153e+00
1.726824125462901094e+00
-2.488066778103448229e+00
2.173318595004078979e+00
4.379599281124397336e+00
-3.290455428265230964e+00
-4.296028668451179477e+00
1.590766756514714331e-01
-4.050131788742513450e+00
-2.200727726586786392e+00
4.510099189029146416e+00
3.048909528213208375e-01
3.720343637271827930e-02
-2.496077899495783292e+00
4.447172416865541322e-03
1.448219658386888931e+00
