4.565579154225128278e+00
-3.473641121032962076e-01
3.749100517546734679e+00
3.626839127898385584e+00
3.633179222385965801e+00
1.138763521057189365e+00
4.997411594331049756e+00
4.186523882145042563e+00
-2.850801876537698565e+00
-3.216966088672918112e+00
-4.797066835869523871e+00
-3.628113715671100969e+00
2.327507504594930055e+00
3.875847671856837096e+00
1.766331652047778533e+00
-2.175596933233415520e+00
-4.076583746172401490e+00
-3.048817379690176299e+00
-2.034323076587306822e+00
-8.352847947195307654e-02
-1.716294766204453648e+00
2.159774143418448311e+00
2.043512317461900984e+00
-1.243036396762866591e+00
3.120085345820914569e+00
-4.208017063431130467e+00
-2.526125718923743158e+00
-4.194713159890172349e+00
-3.883045998438098501e+00
7.075169649309964726e-01
-4.065140957704631575e-01
2.051175680115858491e+00
2.384119835703004675e+00
8.443992891088383246e-01
4.745882996163054202e+00
-4.629806722305009004e+00
3.136619677759540536e+00
3.420009696666522103e+00
2.455370009951009180e+00
-2.362590994669456990e+00
3.901289158104869870e+00
1.600651654883265884e+00
4.243905325678412055e+00
1.775988811365570186e+00
3.443844488173915863e+00
7.489907134472675310e-01
6.421879667261176650e-02
2.728223659623617792e+00
4.552368188467077914e+00
1.343672410350338353e+00
7.393802018232422668e-01
-4.662006757780321919e+00
-3.705462127129787397e+00
-1.788134297870999312e+00
-1.036090370573550246e-01
-3.302873776140499373e+00
3.082169733968880720e+00
3.916883075238784429e+00
-4.826631998417667546e-01
1.930668558154950532e+00
9.173997639612965216e-01
-2.312018737794150347e+00
1.252319779798110488e+00
8.297079502182995725e-01
-1.932151480791496567e+00
5.389893168097472653e-01
-4.277241002297427208e+00
4.242826438641101205e+00
-4.073187133604059262e+00
-8.221056261244452656e-01
-2.720504990372841547e+00
2.655697441825330074e+00
-1.798690763067117615e+00
-4.938555416631619011e+00
3.208353262324894928e+00
-1.742054084121882340e-01
3.004108592471036232e+00
-1.948877267972601857e-01
-1.141748346097029021e+00
-2.568623468944040145e+00
1.455375250849635371e+00
-4.446978917996005087e+00
-5.326900693719016644e-01
2.767892070687372197e-01
-8.363803577161830205e-01
3.291968802349371614e+00
1.549558040803201919e+00
-3.799688600959270079e+00
2.317126833803606623e+00
9.561937754179430371e-01
-3.239207452974498302e+00
-3.970256142727470738e+00
-3.913036620487821970e+00
2.847352185310078276e+00
2.853143577788854302e+00
1.437135435644426806e+00
