-6.598388682767817315e-01
3.577702880455841949e+00
3.101859088480976467e+00
-3.798614808083291550e-01
2.984094817899917373e+00
2.554318453503785946e+00
4.091168855629756962e+00
-4.913863714003277039e-01
4.323445180959142320e-01
3.306957487922142391e+00
-3.529075006352972999e+00
-3.131831385006975665e-01
1.828494685980644796e+00
-2.657465224832611383e-01
1.157284815189155935e+00
1.105941398961023836e+00
3.346017804367848569e+00
-1.800264752575999605e+00
1.012529841458297497e+00
4.509386023541367194e+00
1.857878286717598471e+00
-9.500722430215704506e-01
1.466180409721141942e+00
-3.830881401093040317e+00
1.586627845384604996e-01
-3.753197295813688328e-01
-3.970626133790293721e-01
1.599961132877516512e+00
-9.615259508411169165e-01
2.550790851278708971e+00
-1.292910702844236592e+00
2.305325276657546496e+00
-2.345210162611019999e+00
2.084867403902447514e+00
4.513896122295509628e+00
-4.102246293962208412e-01
3.055285779751290676e+00
-3.663175077594182927e+00
3.492927713165723702e+00
3.763524751294649917e+00
3.679424402403160599e+00
-4.855819640137504223e-02
4.395055311895436745e+00
-3.383090674532844844e+00
6.665596043261645676e-01
3.689335006285235252e+00
-1.658785930170424194e+00
2.076634105093235760e+00
-2.926321663915238958e-01
3.909619667496311735e+00
2.031491998891646666e+00
1.609604325429664584e+00
4.298590708087886014e+00
4.348313819880898379e+00
3.515857200652979131e+00
-3.897366353732751865e+00
-3.596793140063899941e+00
3.056999408570092669e+00
3.997562844307703145e+00
-3.559198874638487275e+00
3.115103658433007183e-01
9.665426382065156474e-01
-2.576035759944996784e+00
1.256713020977269224e+00
2.083044913443506729e+00
-1.068318187904344629e+00
4.463350096845351445e+00
-4.960554641090962669e+00
3.834329334605723005e+00
-2.155032568125445636e-01
-2.605341427361274054e+00
4.163700009094126742e-01
1.156010039961397950e+00
1.313764380064709414e+00
2.155237513634908453e+00
-4.141323369242712715e+00
2.031018885799225515e+00
-4.528752341912189117e+00
-4.392400423606401816e-01
3.427615673781964745e+00
-1.496332433771145887e+00
-1.947153233035424869e+00
-2.208977077390757771e+00
-3.051592903718530536e+00
1.383369090074965335e+00
4.104797127111455168e+00
-3.908137651960283954e+00
-2.976288182307367247e+00
-3.202207061216075790e+00
-4.026696074180597051e+00
3.455415780357078859e+00
4.969631395501215465e+00
-3.269716013168413316e+00
-5.288414011855149255e-01
2.505278820542341300e+00
-3.060709867154148611e+00
