-2.380518128905767306e+00
-2.979649405902780046e-01
-3.294530252279637139e+00
3.605049673821428158e+00
1.556577858788134705e+00
-2.785883942232590726e+00
1.419325216225359121e+00
4.439743717096115816e+00
-2.155716919278573229e+00
1.272281368536321899e+00
1.998715350884109121e+00
-3.986285155358601173e+00
3.053465496024129422e+00
-4.833929649926458794e+00
2.793925237964556274e-01
4.558090785675954493e+00
1.597370999404095215e-01
2.329634518759374551e+00
-2.414300511051348241e+00
-3.066509457742150335e+00
-3.407860040852932482e+00
-3.224096365710500400e+00
2.118608593461281941e+00
6.105695968024758002e-01
4.245878752547566748e+00
5.253216056522749255e-01
-1.783435818721106347e+00
-3.501594078283915223e+00
4.884694797882275452e+00
2.078852827152277705e+00
-4.838938078678491017e+00
2.254336092551536552e-01
3.848489757365310737e+00
-3.815962019976665509e+00
-1.771503556528796430e+00
4.359710854375942191e+00
-4.941830775933320652e+00
-1.782443820026026415e+00
4.037679682565611827e+00
-4.121520045211579664e+00
8.414604245083125988e-01
7.692665667593390211e-01
-2.317732752026443244e+00
3.274617400591493421e+00
4.521549512100408563e+00
1.715064031980167769e+00
-4.222843584993364097e+00
-4.552978444508184452e+00
-1.524846209554563181e+00
4.670845428989174764e+00
-3.114341333711418969e+00
-1.319186150669384716e+00
-4.883050536508275030e+00
1.936436858269262373e+00
4.000948085674917110e+00
-4.520108093698053331e+00
2.345784673244749818e+00
1.083331779764559855e+00
1.495758917226083895e+00
-1.406498782122675983e+00
1.272574307496522117e+00
-4.868788051128798422e+00
2.468869607716115411e-01
2.212664241253635922e+00
4.267879074940420736e+00
1.525583609083302150e+00
6.254219129983891179e-01
2.628465549676475277e+00
-2.281444508207245647e+00
3.752866081317975500e+00
-3.820392185811796182e-01
-1.743039270091220061e-01
-3.461427207398734218e+00
-1.937655172704280115e+00
-4.935013174881980547e+00
-2.775058235415632790e+00
1.349207974072260896e+00
2.322905172396972695e+00
2.232746113407952926e+00
1.448741270968419315e+00
-4.401919760355028188e+00
-4.480074592632021790e+00
-1.820705763188419368e+00
2.835543759247739715e+00
-3.106753755847433407e+00
5.970580557563067714e-01
4.736920196380244974e+00
2.238022250611769515e+00
1.772879181277855487e+00
3.112119733305794611e+00
-4.742887270923459297e+00
-4.731130389578112272e+00
-9.679215714016118355e-01
-1.221367994986409578e+00
2.747770530248994980e+00
3.616205960470360026e+00
