2.632816648391144376e+00
-4.157625784974023908e+00
2.622958111700385508e+00
1.237619815692375447e+00
4.915700968007207905e+00
-1.537831356058445564e+00
-4.957324531552224300e+00
-3.771897185538470865e+00
-4.823993688430210369e-01
3.603203299907598023e-03
1.286543257780142113e+00
-3.014902243577598284e+00
-4.225994363573528645e+00
-4.369636747768563367e+00
2.086499516480659899e+00
2.115151840494381652e+00
-1.016155415314652366e+00
-4.976342792656466507e+00
2.728906818704301074e+00
9.129651631319166682e-01
4.983279833174771412e+00
-2.122342531662348986e+00
2.211957486970037579e+00
-3.819889548678298219e+00
-6.887918189378154921e-01
1.707312843042104511e+00
2.045098540393780695e+00
-1.781190851913255990e+00
-2.496235799253543330e+00
-1.879483965197186190e+00
3.211191680357242006e+00
-1.297272409645093827e+00
5.814509525579261151e-01
-4.622450519489412990e+00
7.384222710108270249e-01
-3.824599655662324071e+00
7.179232751816897462e-01
1.086912585947375831e+00
1.188305196709107392e+00
-1.340263988657205196e+00
-1.314454639747447473e+00
-4.779425433655996258e+00
-3.326558604148370790e-01
4.161458402122770295e+00
3.142196950322256654e+00
4.396963735674761509e-01
3.952301842133767451e+00
-8.028876886420741599e-01
4.151051113118258584e+00
3.249124167388913520e+00
1.672874978583440253e+00
-4.989014868155931204e+00
-2.988198962888502841e+00
-1.128358156654438726e+00
-4.998129767576770632e+00
2.635725643895892034e-01
3.988115246841729800e+00
3.823193217119090548e+00
9.216876254590395945e-01
-8.865593705848890949e-01
2.108758142433933003e+00
-9.707083034806593957e-01
3.065248744154413174e+00
-2.306725068782068178e+00
3.488215078466623709e+00
3.705172482263103362e+00
4.289017407478858956e-01
-3.780160557605103389e+00
3.299149338705154477e+00
-4.060470559837955129e+00
6.510305897019721399e-01
3.970823357673932463e+00
8.000101674932462714e-01
4.244218445085879310e+00
3.932160760541663080e-01
-6.327564715319686783e-01
-3.682679860643305325e+00
5.878236067981887913e-01
-6.201203855877253091e-01
6.952308904406034884e-02
-2.779689244692860939e+00
-4.918223511042381979e+00
2.555291854967750353e+00
-8.749249072360409940e-01
-3.504812547164616099e+00
9.801789131235763008e-01
4.310661545886615542e+00
2.896143591850800725e+00
5.385732661609186067e-01
-3.284852512313591877e+00
-3.182354012256085607e+00
-1.073474132367241651e+00
-1.772537386959098793e+00
-1.635630782177666109e+00
9.791621268471271122e-01
4.925579205501794178e+00
