-6.598388682767817315e-01
3.577702880455841949e+00
3.101859088480976467e+00
-3.798614808083291550e-01
2.984094817899917373e+00
2.554318453503785946e+00
4.091168855629756962e+00
-4.913863714003277039e-01
4.323445180959142320e-01
3.306957487922142391e+00
-3.529075006352972999e+00
-3.131831385006975665e-01
-2.737516579300185438e+00
-2.657465224832611383e-01
1.157284815189155935e+00
1.105941398961023836e+00
3.346017804367848569e+00
-1.800264752575999605e+00
1.012529841458297497e+00
4.509386023541367194e+00
-1.509734351557704635e+00
-9.500722430215704506e-01
1.466180409721141942e+00
-3.830881401093040317e+00
1.586627845384604996e-01
-3.753197295813688328e-01
-1.712710802741503002e+00
1.310113804532267778e+00
-1.426435667584598832e+00
3.917146031837022591e+00
-1.292910702844236592e+00
-2.151621518902386843e+00
-2.345210162611019999e+00
2.084867403902447514e+00
4.513896122295509628e+00
-4.102246293962208412e-01
3.055285779751290676e+00
-3.663175077594182927e+00
3.492927713165723702e+00
3.763524751294649917e+00
3.679424402403160599e+00
-4.855819640137504223e-02
4.395055311895436745e+00
-3.383090674532844844e+00
6.665596043261645676e-01
3.689335006285235252e+00
1.010718699606627524e-01
2.076634105093235760e+00
-2.926321663915238958e-01
3.909619667496311735e+00
2.031491998891646666e+00
1.609604325429664584e+00
4.298590708087886014e+00
4.348313819880898379e+00
3.515857200652979131e+00
-3.897366353732751865e+00
4.263901090977098463e+00
4.057196665244161338e+00
-2.537153752463422229e+00
-1.593017263199310030e+00
-1.747399965803389854e+00
-1.928396135393937172e-01
2.143395138019732471e-01
-1.267407300887396282e+00
1.386635295396684953e+00
-4.863209856879061377e+00
-6.848697530149507884e-01
-4.355754581541493309e-02
7.898447396504462148e-01
-6.725004741852202983e-01
-1.810581265646590055e+00
1.124339311751373138e+00
4.928645272486459561e+00
-1.921210000520389372e+00
3.621927399236195555e-01
-2.257588803347727602e+00
-7.904648873931812147e-01
-3.221734596760628122e+00
-6.386996198473156028e-01
2.854159596268973864e+00
-9.484367960352804161e-01
-2.345261228624918814e+00
-2.208977077390757771e+00
-3.051592903718530536e+00
1.383369090074965335e+00
4.104797127111455168e+00
-3.908137651960283954e+00
-2.976288182307367247e+00
3.035589713644217369e+00
-3.380027409097460023e+00
-3.111333927209605221e-01
1.830793880971266496e+00
3.990773953974859012e+00
-1.741231885511655975e-01
3.370773379305521900e+00
-2.986761928351461037e+00
