4.953954467716213728e+00
-3.871088859192678200e+00
-1.429859959419677029e+00
3.605049673821428158e+00
1.556577858788134705e+00
-1.692450293267265593e+00
1.419325216225359121e+00
-2.487881828240462667e+00
-2.155716919278573229e+00
2.693623465884499524e+00
4.698357967359232390e+00
2.703809517890597647e+00
3.607737756509362015e+00
-3.019558088622184222e+00
2.793925237964556274e-01
-9.025424727965534188e-01
1.597370999404095215e-01
3.320530928732351228e+00
-4.647046718879618510e+00
-2.857156417137538540e-01
-9.293161900912592088e-01
-3.224096365710500400e+00
2.118608593461281941e+00
6.105695968024758002e-01
3.650930989275614991e+00
-3.383009679394526348e+00
2.119835872196320636e-01
-2.419194636753855043e+00
2.888698694535788647e+00
4.268215310002354101e+00
-4.838938078678491017e+00
2.254336092551536552e-01
-5.509434676095725791e-01
-3.449640877974726738e+00
-1.771503556528796430e+00
-1.496482502243117185e+00
-4.941830775933320652e+00
-1.782443820026026415e+00
-3.873926263040787799e+00
-4.121520045211579664e+00
8.414604245083125988e-01
4.477353205847688145e+00
-2.317732752026443244e+00
3.276828238893363832e+00
4.521549512100408563e+00
4.803974165771798255e-01
-4.222843584993364097e+00
-1.637001863455227468e+00
-1.524846209554563181e+00
3.493525448376026077e+00
-3.114341333711418969e+00
-1.514197767986610543e+00
2.477604022892863078e+00
1.936436858269262373e+00
4.000948085674917110e+00
-4.520108093698053331e+00
2.345784673244749818e+00
1.083331779764559855e+00
1.495758917226083895e+00
2.089279181491518145e+00
-3.700518062271301645e+00
-4.868788051128798422e+00
-1.637382229961264812e+00
2.212664241253635922e+00
3.389241285969724515e+00
1.525583609083302150e+00
-4.345545784656693833e+00
-9.387423693865049046e-01
-2.281444508207245647e+00
3.752866081317975500e+00
-3.820392185811796182e-01
-1.743039270091220061e-01
4.185402405338310317e+00
-1.937655172704280115e+00
-4.935013174881980547e+00
-2.775058235415632790e+00
2.341997004128271165e+00
2.322905172396972695e+00
-3.064764440678819923e+00
1.448741270968419315e+00
-4.798309073525821589e+00
-4.480074592632021790e+00
-1.354466468306974036e+00
-1.623508227796266468e-01
-2.103644698352069575e+00
5.970580557563067714e-01
4.736920196380244974e+00
2.238022250611769515e+00
1.772879181277855487e+00
3.112119733305794611e+00
-4.742887270923459297e+00
-4.731130389578112272e+00
-4.951895202588474376e-02
-1.221367994986409578e+00
3.106249033116789349e+00
3.616205960470360026e+00
