-1.107757787202126032e+00
-8.603376585755029282e-02
3.617042480698204443e+00
-3.597764568577603850e+00
-2.220018928380543599e+00
-1.254720953322196131e+00
-1.042235650423561921e+00
-2.597714772073166145e+00
1.503115168916514754e+00
-3.295845648216303658e+00
-1.097539475814378385e+00
-7.822621828649083398e-01
2.059198742284120698e-01
-5.618649841202003614e-01
1.333621049802501624e+00
-4.889650554432895646e+00
4.244635634288092874e+00
-1.384804915576495432e+00
-2.870850312509900526e+00
-3.928318140418962656e+00
-4.162157556480483578e+00
3.570611032346716840e+00
1.763792165091492059e+00
2.725982515282161955e+00
1.880867129512997948e+00
4.310672676230689504e+00
4.876670596216008846e+00
-4.255956014050027214e+00
-3.272731664975728982e+00
-2.882564213487075477e-01
3.772033238754747941e+00
-4.418669045867183343e+00
4.706272712005734604e-01
-2.551463153519049953e+00
4.908230336146601758e+00
1.934826931345607015e+00
2.784910345382321850e+00
-1.248724980047461131e+00
3.086507604446389053e-01
-4.683509422697433422e+00
2.250550480731914327e+00
-4.463678799814304377e+00
1.799046906444502270e+00
2.729476821686911414e+00
-1.045925823912546626e+00
-3.958132006817437265e+00
2.109134481970409425e-01
4.595668779487683153e+00
2.352474827863407114e+00
3.382202404179972532e+00
-1.296766479210866851e+00
2.772683581147431298e+00
-4.316391301752847909e+00
-1.195300213289414160e-01
3.551243769432899100e-01
1.511934797254649077e+00
4.335720806499161029e+00
-4.222018735010584223e+00
-3.271486759916877318e-01
-2.964721318589869092e+00
1.446368475110330287e+00
4.096628592715783057e+00
-4.303630873562754644e+00
4.070469269515708532e-02
1.086208234975391207e+00
2.323054769221294613e+00
-4.371145762543656943e+00
6.962937550615055926e-02
2.399891526742407244e+00
-3.846415647912926339e+00
5.732332904181447475e-01
-1.769649941058268894e-01
1.518761390842949588e+00
-2.671450726632960126e+00
6.368760332930021306e-01
4.616022286628281179e+00
-4.821302025809170111e+00
7.927819185761606491e-01
2.940023134012172079e+00
4.656207403046906279e+00
-4.466289402450218660e-02
-3.272447198511080124e+00
-7.339119537588700837e-03
-3.512418477259435790e-01
1.941814747973116262e+00
-3.819399808532478957e+00
1.109384430678392874e-01
-2.121766587837559115e+00
-1.540964905651629469e+00
2.738764201218135241e+00
-1.484016507162886356e-01
-2.646982500969934371e+00
6.314802563799215562e-01
2.646844556777784518e+00
1.049875097139216784e+00
4.598693460162859736e+00
