2.632816648391144376e+00
-4.157625784974023908e+00
2.622958111700385508e+00
1.237619815692375447e+00
4.915700968007207905e+00
-1.537831356058445564e+00
-4.957324531552224300e+00
-3.771897185538470865e+00
-4.823993688430210369e-01
3.603203299907598023e-03
1.222208293239574139e+00
-3.014902243577598284e+00
-4.225994363573528645e+00
-4.369636747768563367e+00
-3.992804853337716953e+00
2.115151840494381652e+00
-1.016155415314652366e+00
-4.976342792656466507e+00
-1.399066045986361306e+00
-2.705955377397221362e+00
4.983279833174771412e+00
-2.122342531662348986e+00
-3.787229733838294088e+00
2.198938029276048312e+00
-4.134852677651142727e+00
7.878665446762340707e-01
-4.350394833493668401e+00
-4.783654851916827155e+00
-4.187616987229746179e+00
3.811676260401592131e+00
4.935621590554001514e+00
1.171893483190904917e+00
2.029923493956574454e+00
2.882210347960717733e+00
4.665203087010382887e+00
-3.037881267523446560e+00
-3.613608741935983026e+00
-1.016937459488337581e+00
-3.117898401488512494e+00
4.419169326026143096e+00
4.157512760084815184e+00
-1.858309427523855639e+00
2.926862034626682707e+00
-1.956073512856936425e+00
2.430197682407207793e+00
2.400783508295472046e+00
-9.714016887075880291e-01
-3.923578293108115567e+00
4.435244792025281768e+00
-4.485709245928104494e-01
-3.423807150837581137e+00
3.650651770952112685e+00
1.425744962327614829e+00
-4.604006606205464536e+00
-1.143335833206915453e+00
5.703310389247295831e-01
-3.641255610867073500e+00
7.195251217135654187e-01
8.281374120594851007e-01
3.245294773033299052e+00
2.235194724888903473e+00
-1.642033679513827948e+00
4.040056029832822304e+00
1.467574690662045711e+00
1.971931892291083344e+00
2.298307991015676954e+00
6.287837814061250086e-01
2.746092913573200178e+00
-3.951421974396047698e+00
1.250879788369482881e+00
9.903584180774060997e-02
1.209697849699499450e+00
-9.588987018031280840e-01
3.103100579187392682e+00
1.481327503278643043e+00
-1.026841449711337617e-01
4.778959875561373138e+00
3.538379515634730410e+00
-2.063093954729926516e+00
-4.830984565035100431e+00
3.968728165274100661e+00
2.624047499934336614e+00
-1.753599488130406225e+00
-3.484888712798791310e+00
4.291251988550897067e+00
1.889649231469405777e-01
-1.602659587448960199e+00
1.879241783946304700e+00
-4.698046493749713726e+00
-3.166486690145818628e+00
3.222338933191954524e+00
2.915888014093007463e+00
4.093069609915321649e+00
-4.915181331167364220e-01
4.433602262040304609e+00
2.740558683203762058e+00
