-1.132476141978616901e+00
4.292202507396918776e+00
4.153720262917810047e+00
2.849126355768408558e+00
-3.122120031260260387e+00
-4.278532647734341055e-01
-1.830156687415417593e+00
3.699394140646338869e+00
-2.676842467398730108e+00
-4.543353697103613698e+00
4.373205305148648137e+00
-4.434241719298860573e+00
3.492827445670585007e+00
-4.100407382719764016e+00
-1.319087691592121026e+00
4.946724389411825129e+00
-4.124412602409456063e+00
-4.711585054280856610e+00
2.702981626991998176e+00
-1.474636884549109794e-01
-1.334216190584402995e+00
-4.515166655685336039e+00
-1.216749062547795024e+00
2.617294269187677713e-01
1.172523084530237014e+00
2.466274331759160887e+00
-2.142000861917339183e+00
-3.896557073252927772e+00
-3.966209579089329473e+00
-6.946279760188023289e-02
-4.946979978011388113e+00
-7.537198739994188657e-01
3.375072131541479337e+00
3.587465410319106596e+00
-2.086723045113452191e+00
9.431136953709682302e-01
-2.843602124309478896e+00
3.485962577585773658e+00
1.002806444152088972e+00
3.936113627127696191e+00
-3.476990876212729731e+00
4.502329665945085324e+00
-4.677937290954598204e+00
-4.155833070735867274e+00
3.757472671458224056e+00
-4.315945131638790677e+00
-4.426141432792936037e+00
-8.717514250632536488e-01
4.583414775419411669e+00
-1.219650250014025161e+00
3.231216853914485654e+00
-4.202896685780455499e+00
8.206191806771920838e-01
-8.022537179405730967e-02
1.837135434856016047e+00
9.711220141482268531e-01
-4.546973223884476667e+00
-1.873607070413290998e+00
1.542707522233513373e+00
4.256450113046613026e+00
-1.735937646308350679e+00
1.708422393034449982e+00
1.304066667286416958e+00
1.866872013465320279e+00
2.656629642640940148e+00
1.199833515194726807e+00
1.289040670490133600e+00
4.675735723881436101e+00
2.929317833556401851e+00
-2.990952344297693521e+00
-2.361206355876511509e+00
3.288166203837308288e-01
3.762318653543365699e+00
6.052003794756437571e-01
-4.457497638254458217e+00
-4.920967946306324059e+00
2.102474793227905536e+00
4.184378713827953788e+00
4.168364479240473486e+00
4.174913323680014443e+00
-4.469204796832412896e+00
-2.637620256630963667e-01
-3.926734358113464829e+00
3.247469613701708724e+00
4.683012743520848176e+00
4.483344923183210540e+00
2.831126214602175395e-01
-3.795119612054359770e+00
-5.882523134294794787e-01
4.067350564060769003e+00
-5.260699372716901578e-01
-8.095806518843584598e-01
1.298013570855818699e+00
-3.339847141882477111e+00
3.560427885844998031e+00
1.156595483131663826e-01
