-3.947100576880784306e+00
-1.919712892475708976e+00
8.691868348006117628e-01
2.216878247722455342e+00
3.334437782135468709e-01
-4.988116726013057445e+00
-3.299999901374683908e+00
4.461591614542536277e+00
4.076605753003763155e+00
-3.436169419289254456e+00
-3.217964250184931707e+00
4.174593570482256766e-01
4.185204167076644666e+00
1.904631266066378004e+00
2.447824010271646422e+00
-4.512428804515109526e+00
4.185047230461051981e+00
3.678432678121586363e+00
2.757205488172588481e+00
-7.076717453244061318e-01
-3.151461533723064257e+00
-2.028568359314097957e+00
-4.421013430039614001e+00
-3.731742751048761075e+00
1.657410389712163479e+00
-2.563983135538122404e+00
-1.268386051397762948e+00
1.904721314511684582e+00
-7.371598894069251173e-01
2.720735116059405101e+00
-3.746164759212685880e+00
-1.985439677598326291e+00
-4.963507894537984910e+00
-2.292957288462655896e-01
-4.155101738263361710e+00
-1.371042831483078039e+00
-4.402273989466972459e+00
-1.092391797930249098e+00
-8.135956079890824810e-01
-2.724377498366594708e-01
1.188363726739706472e+00
-4.363820492540071427e-02
-1.745757794597056822e+00
-1.686387670691499530e+00
4.567670285330979851e+00
4.447084384235747478e+00
-4.555177937230237006e+00
-2.435344426302574750e+00
1.493547831718958996e+00
-2.516895252107337555e+00
-2.120463849001863466e+00
1.621742922121277353e+00
-3.397612550768106310e+00
-4.600216714616447433e-01
-3.487583392449709940e+00
3.089350522906979535e-01
8.869483671300173455e-01
-8.828923417987200040e-01
-8.315658896000552858e-01
-4.890821873891502136e+00
3.194409335751144496e+00
-1.363750715943883307e+00
4.820840089194009082e+00
4.619196399918834572e+00
-1.343457739342752699e+00
8.548223152841742944e-01
-2.702005736179926565e+00
3.999651158938156925e+00
7.852019535673901984e-01
6.825168387509332746e-01
-3.160280451983028538e+00
-1.401890185027609093e+00
-1.608274537590987929e+00
1.433101819161737289e+00
4.813473904616031973e+00
3.546897685232677233e+00
2.432061979364455340e+00
2.067575916687229842e+00
-6.968153844347337866e-01
-3.449107708230194635e+00
-4.841872804044439427e+00
-2.339495910500148934e+00
-4.998774838171331503e+00
-4.171783371113360062e-01
-1.359250060994066089e+00
1.087328727621322599e+00
4.478596499384330798e-01
-3.214456072766702643e+00
-1.346267656107573707e+00
-3.481277797633779425e+00
-2.801069493298626867e+00
4.603405880055932542e+00
-3.072985453670127320e+00
-3.746727342455518084e+00
-2.407228450690973354e+00
1.447980160602984512e+00
