-3.947100576880784306e+00
-8.249094055957781890e-01
8.691868348006117628e-01
2.216878247722455342e+00
3.334437782135468709e-01
-4.988116726013057445e+00
-3.299999901374683908e+00
4.461591614542536277e+00
4.076605753003763155e+00
-3.436169419289254456e+00
-3.217964250184931707e+00
4.174593570482256766e-01
4.185204167076644666e+00
1.904631266066378004e+00
-4.137064099634145897e+00
-4.512428804515109526e+00
4.185047230461051981e+00
-4.578487817390053394e-01
-7.759566153970283153e-01
-4.471094059783700558e+00
-4.223259316554663023e+00
-1.363660134669282264e+00
-8.532273406594264031e-01
2.946587229926977081e+00
-3.069255322252637530e+00
2.117935945675090359e+00
3.599998796292267045e+00
2.306115014427402521e+00
1.322641933986412610e+00
-2.087643885519867570e+00
1.851397531730986756e+00
-3.174776666048423124e+00
-4.963507894537984910e+00
-2.292957288462655896e-01
-1.466376389223263743e+00
-1.371042831483078039e+00
-4.402273989466972459e+00
-1.092391797930249098e+00
-8.135956079890824810e-01
-2.724377498366594708e-01
1.188363726739706472e+00
-4.363820492540071427e-02
-1.745757794597056822e+00
-1.686387670691499530e+00
4.567670285330979851e+00
4.447084384235747478e+00
-4.555177937230237006e+00
-2.435344426302574750e+00
1.493547831718958996e+00
-3.394432945394241230e-01
-2.120463849001863466e+00
1.621742922121277353e+00
-3.397612550768106310e+00
-4.600216714616447433e-01
-3.487583392449709940e+00
3.089350522906979535e-01
8.869483671300173455e-01
-2.586908851120291786e+00
-8.315658896000552858e-01
-4.890821873891502136e+00
3.194409335751144496e+00
-1.363750715943883307e+00
4.484341160082635724e+00
4.224848638793787359e+00
-1.343457739342752699e+00
-8.896536824591656512e-01
-2.702005736179926565e+00
3.999651158938156925e+00
7.852019535673901984e-01
6.825168387509332746e-01
-3.160280451983028538e+00
-1.401890185027609093e+00
-1.608274537590987929e+00
1.526925755044414856e+00
3.567299309887328462e-01
3.546897685232677233e+00
2.432061979364455340e+00
2.067575916687229842e+00
-6.968153844347337866e-01
-4.606919016348822282e+00
8.056315198210262096e-01
-5.576836583845121709e-01
-4.998774838171331503e+00
3.351811996580508435e+00
-3.268099361684676296e+00
1.087328727621322599e+00
4.478596499384330798e-01
-3.214456072766702643e+00
-1.346267656107573707e+00
-2.240081847216306432e+00
8.546906211654956564e-01
1.770959695836866743e+00
-3.072985453670127320e+00
-3.746727342455518084e+00
-2.407228450690973354e+00
1.447980160602984512e+00
