2.366147556020372633e+00
-5.027524615710552425e-01
-2.046225067657700958e+00
-4.696302150704702250e+00
4.883627942575632375e-01
-1.431291976994856441e+00
-4.756012566245080286e+00
-4.904764017800705922e+00
3.652006676932149531e+00
4.209614455212859596e+00
-2.395747902700613441e+00
4.523256577337399165e+00
-2.345768514594315235e-01
1.514472385145865019e+00
-2.058307075622545224e+00
-1.361275649085798012e+00
3.150972560298445302e+00
2.744231881869927392e+00
2.950052092152882999e+00
-6.814386398870890815e-01
-1.510668031925244126e+00
1.657335693414242250e+00
2.972635998334860474e+00
4.421251792654404156e+00
-4.460219131014371285e+00
-3.128519868146994121e+00
1.866541585075748522e+00
2.700291000123582918e+00
-4.055806502869819141e+00
-1.168502227904363089e+00
2.060752537390251327e+00
-1.102676537598591189e+00
4.390852442261230948e+00
-4.820469551390177187e+00
-2.136535816401775811e+00
-5.983199660930296204e-01
-2.691869337567323939e+00
3.788713809128275045e+00
-6.900468816362517188e-01
-3.711433113550934859e+00
3.709564652052321776e+00
3.325036443573122114e+00
4.771106900431519193e+00
4.089181837516338902e+00
-2.563422041415500452e+00
-3.820162630390465885e+00
1.820480295535093163e+00
-9.756099370854407482e-01
-4.133700658076175039e+00
-2.545048132324136958e+00
-4.757102693098074653e+00
3.919405936226105780e+00
-3.562062077659220449e-01
3.229023133575267934e+00
3.274346386669826359e-01
3.886706370309287450e+00
-4.030251633387917032e+00
-4.305597791064318614e+00
-2.606277138656775350e+00
-1.829735731938204601e+00
2.684996419753931107e+00
-1.345489702857366687e+00
-1.626731956227772891e+00
4.171683101281983497e+00
-3.682661702821214966e+00
2.597759010658961643e+00
7.659036997105426181e-01
-9.967245720280502042e-01
-4.373817381696304629e+00
4.641511501902696679e+00
2.459960730317334310e-02
4.484517133723374016e+00
-3.904734403650931274e+00
2.401119670287651608e+00
3.827730271767448400e+00
-2.713527252340628415e+00
1.306758635270338864e+00
-4.356261455486187373e+00
-4.581964926124024728e+00
6.812950797625294541e-01
-4.422063400221830420e+00
-4.158618876795761921e+00
-1.409540641072041467e+00
-7.054365994753890590e-01
3.005313007656784663e-01
1.272854997843447578e+00
9.332844879871888821e-01
4.702389345554049527e+00
3.364799491221120320e+00
2.859725117807635719e+00
2.682791292314284703e+00
-1.957223376941841231e+00
5.554282079916283976e-01
7.412055404225190713e-01
-3.567052662615602721e+00
-7.797802856818600858e-01
