4.510160041416229504e+00
1.704050856448182216e+00
-4.747407276908148788e+00
7.209014157723903082e-01
1.753156644710909262e+00
-4.448724666858407950e+00
4.314705089517525849e+00
-4.170749011923680527e+00
-4.813980001401967357e+00
-4.272830795990238961e+00
3.340513606681689396e+00
2.208514818169565075e+00
8.787161427587539819e-01
-4.126742902143289093e+00
3.976157815045365140e+00
-3.183326892241338246e+00
9.340526967542732706e-01
-1.825120306664942404e+00
4.523674174739205966e+00
3.938281391950752663e+00
-5.105058737084053888e-01
-1.635551348900750046e+00
3.966972150306604661e-01
-3.181258642599913422e+00
-2.297442176872364961e+00
8.800729414334043099e-01
-2.273451346450951149e+00
-1.241532632543023151e+00
1.659487936986661971e+00
1.359851548074662020e-01
2.316592864052133827e+00
-2.649142651175405483e+00
-1.176019064946189019e+00
1.331800324335073782e+00
2.249388595682825454e+00
-6.200776588913843312e-01
1.606985312667647214e+00
-8.537175191483701298e-01
-2.572076462310502798e+00
-2.695040533467941479e+00
-4.928779022100890472e+00
1.828866172227400000e+00
-1.406524590234932148e+00
4.742329370575316005e+00
-2.882480979351189632e-01
1.518003129253743921e+00
-4.711657989288883464e+00
4.095542691073523756e+00
-1.345937103417893521e+00
2.700845545641181289e+00
3.365616914095070911e-02
1.254598689331025696e+00
2.842780852285175186e+00
-9.254448522655289722e-01
4.187544825728339859e+00
-4.484695057515983407e+00
-2.488836658414053993e+00
-1.122912387383903088e+00
1.136927576440722731e-01
1.030487167242092994e+00
4.059686157112857074e+00
-2.758615003470672455e+00
-2.158744483441891404e+00
-6.621932340988507804e-01
2.932594408819997334e+00
-3.737934922370894419e+00
4.720100119980081388e+00
-4.298311216877543472e+00
4.376749016682868643e+00
2.134789065823220255e+00
-2.174816008751224494e+00
-2.307511619287092586e-01
-1.265108714491607333e+00
2.638648575186808287e-01
1.273321909678286623e+00
3.074505329925859343e+00
-4.478162071798158728e+00
-6.200403039731314792e-01
1.294096508162909664e+00
-2.373603143863779685e+00
-3.985651774531167035e-01
-2.677543696531627937e+00
-4.319839832227074794e-01
-5.794621029883924024e-01
3.550936443366481399e-01
4.365483309071876761e+00
8.414748958387443523e-01
3.629090874474467654e-01
9.802047820259849331e-01
-8.670725691594647344e-01
1.645303833618186218e+00
7.105797339300696791e-01
-8.446309765662327607e-01
-4.548844494706870023e+00
9.235055355392205456e-01
2.410110549515350975e+00
