4.291243904978069068e+00
1.591406787754403140e+00
2.143009338046494960e+00
4.388639138618097846e+00
3.477237248073089759e+00
-2.446132648559103728e+00
-1.477303477439276591e+00
-3.639105208681776560e-01
-2.364532290759833177e+00
-4.742220129437253462e-01
4.874144594227633576e+00
-2.555773494982798155e+00
-1.565986238442043099e+00
-2.955897860745889894e+00
7.901958346102269104e-01
-1.151555414790550458e+00
-3.933942005171332745e+00
-3.751607758489697630e+00
1.723800804983443236e+00
-3.363800780339555097e+00
-4.675171808387009520e+00
3.545186533956108832e+00
-3.885982092110589203e+00
8.687544881251163531e-02
2.860339938979815422e+00
-4.503203170097319408e+00
2.362108869415635581e-02
3.993828801482582236e+00
6.853885744506547084e-01
4.909395884981318403e+00
-1.594624109405797796e-01
-2.595472610058850993e+00
2.442299789678320288e+00
-2.064024632303163020e+00
-1.741042019636579674e+00
1.059084666752525550e-01
9.795072876401436091e-01
-2.300830371423839615e+00
-4.199945448078800325e+00
-6.198756863902490366e-01
6.491306622978871843e-01
2.112733328461958493e+00
-3.576075874455565184e+00
4.101015374319018747e+00
8.151797208472197909e-01
-5.587867135058068868e-01
2.797887663094931199e+00
3.154144191745038128e+00
4.719266301150714327e+00
-3.046703121010627680e+00
2.214491759953549632e-01
2.118696072969790123e-01
3.752069260440093146e+00
2.876645835833141263e+00
-2.206025680003722567e+00
-4.488073055365421560e+00
-2.697800659189008243e+00
4.833912784636805071e+00
2.146906422530490133e+00
-2.138026203038311479e+00
5.620386665751393451e-01
3.068013401168476761e+00
1.085052361051132230e+00
3.423833589227747609e+00
3.206063078468334382e+00
1.176736442028567531e+00
-4.408731456494403567e+00
-9.757170766449743127e-01
1.630391845785036153e+00
1.491791536906534432e+00
-2.589904431466095502e+00
-2.438185701695584129e+00
-1.654565223095628923e+00
6.905462785619675969e-02
-2.851899665966560526e+00
-2.465926459645563007e+00
1.914302180474988901e+00
4.184378713827953788e+00
4.168364479240473486e+00
4.174913323680014443e+00
-4.469204796832412896e+00
-2.637620256630963667e-01
-3.926734358113464829e+00
3.247469613701708724e+00
4.683012743520848176e+00
4.483344923183210540e+00
2.831126214602175395e-01
-3.795119612054359770e+00
-5.882523134294794787e-01
4.067350564060769003e+00
-5.260699372716901578e-01
-8.095806518843584598e-01
2.376849877285788892e+00
1.752132792388110261e+00
1.179569652079548447e+00
-3.200265926634307867e+00
