4.920003862026073094e+00
-1.943262110258924480e+00
-3.683621881437541212e+00
-4.939492283239532711e+00
-1.124637983702331034e+00
-3.414497784523326196e+00
-3.197447033331852762e+00
-5.998985153535949522e-01
4.076605753003763155e+00
-3.436169419289254456e+00
-5.861694145442726267e-01
4.174593570482256766e-01
4.185204167076644666e+00
1.904631266066378004e+00
-1.782336544598716266e+00
-4.512428804515109526e+00
-4.297690029140820656e+00
-2.340699414852611682e+00
-7.759566153970283153e-01
-4.471094059783700558e+00
-4.223259316554663023e+00
-1.363660134669282264e+00
-1.558793144115742102e+00
2.946587229926977081e+00
-3.069255322252637530e+00
2.117935945675090359e+00
3.599998796292267045e+00
2.306115014427402521e+00
4.404245246553927018e+00
-2.087643885519867570e+00
1.851397531730986756e+00
-3.174776666048423124e+00
-4.963507894537984910e+00
-1.040451589878446104e+00
-1.466376389223263743e+00
-1.371042831483078039e+00
-4.402273989466972459e+00
-1.092391797930249098e+00
3.767488706692333267e+00
4.650048920549664899e+00
-4.221227579290784959e-01
2.845700102609662885e+00
-8.953312455936890402e-01
-3.274850007556339371e+00
3.699887809132098582e+00
-9.314950279362266272e-01
3.680510845094758565e+00
-3.738357457401283668e+00
-2.396428988810931138e+00
2.956731124395854060e+00
-4.302396747623944862e+00
4.121431069676926739e+00
-3.691424178561781844e-01
-2.896434765423022917e+00
1.644617027449738700e+00
1.589136832416820688e+00
9.360916586612590962e-01
-2.806840768765521688e-01
4.576432823101985292e+00
-2.977437804397734311e+00
1.116854302125447340e+00
-4.349590217686939653e+00
-2.393153372461338524e+00
4.926874574546539876e+00
-4.201177704132565971e+00
7.087810630335775741e-01
5.657642439618495445e-01
-1.538039831785065203e-01
7.852019535673901984e-01
6.825168387509332746e-01
-3.160280451983028538e+00
2.810992587478871485e+00
-2.393576654742965104e+00
1.433101819161737289e+00
4.813473904616031973e+00
-3.579796439910951644e+00
-2.673791003075800532e-01
-4.803282116096600163e+00
-2.759994585238675135e+00
4.374946399996368029e+00
-2.621170758187333583e+00
-5.576836583845121709e-01
4.030853340416841846e+00
-2.330266732498914806e+00
-3.738864208114699217e+00
-3.491894597721081350e+00
-4.515285224172748357e+00
-3.214456072766702643e+00
-2.472715701713799064e+00
-2.240081847216306432e+00
4.128644562555352948e+00
3.614214156311923887e+00
-3.072985453670127320e+00
-3.746727342455518084e+00
8.115878857685743242e-01
-4.356820595299158327e+00
