-3.324842910365401139e+00
-3.338518634796743267e+00
-6.920304775678864928e-01
-3.356571572706158690e+00
-3.193725232838173778e+00
-1.247911485525187381e+00
-4.661366401649008395e+00
-1.058282664860112021e+00
3.895189939618582287e+00
-2.779263724926419599e+00
-1.869052093873816212e+00
1.566376089949136130e+00
-1.776202320912606325e+00
-3.673420321908515973e-01
-5.839773661134213256e-01
3.282840524994455222e+00
-9.064313430843569108e-01
-2.282868077302629750e+00
-4.043644487625606132e+00
-1.946149624539226242e+00
-2.761252287106039649e+00
-4.716390205845569561e+00
-5.500225982730810870e-01
4.489871632931359713e+00
-2.842268594542194382e+00
-1.541739807422292330e+00
2.637763724960571210e-01
-4.991392872145765658e+00
-2.325455747261772288e+00
-2.119258399783803259e+00
-3.068651936280897274e+00
5.081580856100380572e-01
-2.312811572180057951e+00
1.739874601789770381e+00
1.104894019785124470e+00
-3.850179735772762957e+00
-1.000970168974348873e+00
-4.281236425850413418e+00
1.327743788654895063e+00
1.536529634103555253e+00
-3.135399542644487170e+00
-2.767908732651921611e+00
-2.819853639097553710e+00
3.137463618348004246e-01
1.966952333638475103e+00
1.831410460736089263e+00
2.643596667637323705e+00
2.621951471014387636e-01
7.133407129385016532e-01
-4.976962016678764478e+00
-2.760187573007584216e+00
-4.376923215588188754e+00
-3.793077964947473291e+00
-2.155676290205716050e+00
2.990765614404002015e+00
-2.301324995947351404e+00
3.605596564397757220e-01
-2.534659431599486368e+00
2.812852175729928739e+00
-4.581440864977207816e+00
7.435550520584683909e-01
-4.082086786755446894e+00
3.243201451826140058e+00
-1.136012472823306751e-01
1.394500352221804462e+00
3.528416644180181194e+00
2.161746095164277293e+00
4.449074246284006051e+00
-6.631350074703625808e-01
-4.256751057048965947e+00
1.796025909676759014e+00
3.604446008739094154e+00
-7.565561628128438798e-01
4.237653383910567229e+00
-4.127824223744157806e+00
-4.626315604270935467e+00
-2.480145689907260476e-01
8.254681324017809629e-01
2.914692411361671454e+00
2.027806697846692430e+00
-2.443778036460659830e+00
-1.718985346450343510e+00
-2.734847461064981999e-01
3.431850027324662378e+00
2.713751390156914134e+00
1.839364076115197477e+00
2.827140218960956020e+00
-2.722678788266893690e+00
4.060719693498166194e+00
2.027630145402908646e+00
-4.587642600342682897e-01
-1.482990194408979612e+00
-2.020468387238487651e+00
-4.756591447101983228e+00
-2.897340997523754957e+00
2.506640357052858370e+00
