2.980617545980562610e+00
2.910032196060821974e+00
-3.294530252279637139e+00
3.605049673821428158e+00
1.556577858788134705e+00
-2.785883942232590726e+00
1.419325216225359121e+00
-1.877423479221995706e-02
-2.155716919278573229e+00
1.272281368536321899e+00
1.553588029329136866e+00
2.703809517890597647e+00
3.053465496024129422e+00
-3.019558088622184222e+00
2.793925237964556274e-01
-9.025424727965534188e-01
1.597370999404095215e-01
2.329634518759374551e+00
-4.647046718879618510e+00
-2.857156417137538540e-01
-9.293161900912592088e-01
-3.224096365710500400e+00
2.118608593461281941e+00
6.105695968024758002e-01
3.650930989275614991e+00
-3.383009679394526348e+00
-1.095986431867551403e+00
-2.419194636753855043e+00
4.999053071119014646e+00
4.268215310002354101e+00
-4.838938078678491017e+00
2.254336092551536552e-01
3.848489757365310737e+00
-3.449640877974726738e+00
-1.771503556528796430e+00
4.359710854375942191e+00
-4.941830775933320652e+00
-1.782443820026026415e+00
4.037679682565611827e+00
-4.121520045211579664e+00
8.414604245083125988e-01
7.692665667593390211e-01
-2.317732752026443244e+00
4.362062218848457462e+00
-6.679327378844188701e-01
4.672106406061629968e+00
-1.218879189600269086e+00
4.736693842712885072e+00
6.345171917643295245e-01
4.670845428989174764e+00
-1.596295299837807491e+00
-1.319186150669384716e+00
2.637806931757060269e+00
3.429917804998156683e+00
1.764772251619347365e+00
-2.162657779293086779e+00
7.437631037233458642e-01
-3.221887056236483193e+00
1.495758917226083895e+00
-1.406498782122675983e+00
1.272574307496522117e+00
-4.868788051128798422e+00
-1.637382229961264812e+00
2.212664241253635922e+00
4.128711233158828264e-01
4.648184789130665351e+00
2.095266535020670062e-01
-9.387423693865049046e-01
-1.594552733441462422e+00
3.752866081317975500e+00
-1.986334727582731219e+00
4.246097759080383227e+00
-3.461427207398734218e+00
-1.937655172704280115e+00
-4.935013174881980547e+00
-2.775058235415632790e+00
2.341997004128271165e+00
2.322905172396972695e+00
2.232746113407952926e+00
1.448741270968419315e+00
4.297804915994163366e-02
-4.480074592632021790e+00
2.835003801842922222e+00
-1.586513850446882312e+00
-3.106753755847433407e+00
5.970580557563067714e-01
4.736920196380244974e+00
2.238022250611769515e+00
1.772879181277855487e+00
3.112119733305794611e+00
-4.742887270923459297e+00
-4.731130389578112272e+00
-9.679215714016118355e-01
-1.221367994986409578e+00
2.747770530248994980e+00
3.616205960470360026e+00
