-8.958377741124143867e-01
2.504493340699013970e+00
8.466388802565862903e-01
2.044606050668501318e+00
4.525178213474349675e+00
3.274860780100993907e+00
3.991514094142011970e+00
-3.637809077805700397e+00
4.362018715828266835e+00
-1.325083750992988030e-01
-4.562382452266246169e+00
-3.646712357915913305e+00
8.599991788385015212e-01
4.011129887625743962e+00
-3.487194567243730781e+00
4.767373121065102026e+00
2.530941764403461747e+00
2.275944529551249929e+00
7.526623245507231275e-01
2.264441514237185871e+00
4.614256162140058848e+00
-6.793277349869484283e-01
-2.934537518749058549e-01
3.830878787512700612e+00
-2.285500785618634900e+00
-2.237079745539303222e+00
3.353459192041576387e+00
-1.799773565293363298e+00
1.049157386008437776e+00
2.907673866147756137e+00
-1.345373933946723000e-01
-4.327141945063706530e+00
4.322980267759922057e+00
-1.876280692909547909e+00
-1.675100199081940300e+00
-4.424314615687400476e+00
-1.809750145288661294e+00
-3.333233303708897921e+00
-1.526193253198764310e+00
1.300659595274169078e+00
-2.647815374697469970e+00
-3.576319670415307961e+00
-9.583864931111039098e-01
3.154774194089050354e+00
4.928851463836927849e+00
-6.549673254966794644e-01
-3.407465899829205114e-01
4.740861117306776507e+00
2.807242077561395099e+00
-9.478159888880899331e-01
-2.544118253816145536e+00
-1.229155412255548363e+00
-2.879836996710622987e+00
2.346626967084222137e+00
-4.199826861794209165e+00
2.509928193151727882e+00
-3.145017255713874249e+00
-2.881134647739953536e+00
-1.568999186132788104e+00
1.052289755146488481e+00
-2.438569738784485352e+00
-3.612544123738391733e+00
2.433347386359832498e+00
3.897369181103737645e+00
3.971458091310806182e+00
-3.228406115084037964e+00
4.757500905933067514e-01
3.532423362043211057e+00
-4.318843934609018831e+00
8.578940876753469169e-01
2.447322472085301293e+00
4.139881521876105808e+00
4.648407509380367841e+00
-2.637379585303389007e+00
-8.643758057519557170e-01
-4.918381800351070865e+00
-1.484506455527732083e+00
4.724495877463438021e+00
-4.355657474031469079e+00
2.492373908027163409e+00
3.676671354535374192e+00
-3.696648172481005190e-01
-2.259416444863395768e+00
-2.897380635370771174e+00
-1.097672159142599746e+00
2.754894722645316207e+00
-2.463887827533480568e+00
-4.435625063978121396e+00
4.419313683133248460e+00
-4.787692947942673527e+00
-1.812430622331530294e+00
-1.004676835310346128e+00
-1.348389382816148618e+00
-9.342219352197922433e-01
-3.379073921297766958e+00
-1.633630209879387785e+00
