-6.598388682767817315e-01
3.577702880455841949e+00
3.101859088480976467e+00
-3.798614808083291550e-01
2.984094817899917373e+00
2.554318453503785946e+00
4.091168855629756962e+00
-4.913863714003277039e-01
4.323445180959142320e-01
3.306957487922142391e+00
3.080340438942201331e+00
-3.131831385006975665e-01
-2.737516579300185438e+00
-2.657465224832611383e-01
1.157284815189155935e+00
1.105941398961023836e+00
3.346017804367848569e+00
-1.800264752575999605e+00
1.012529841458297497e+00
4.509386023541367194e+00
-1.509734351557704635e+00
-9.500722430215704506e-01
1.466180409721141942e+00
-3.830881401093040317e+00
1.586627845384604996e-01
-3.753197295813688328e-01
-1.712710802741503002e+00
1.310113804532267778e+00
-1.426435667584598832e+00
3.917146031837022591e+00
-1.292910702844236592e+00
-2.151621518902386843e+00
-2.345210162611019999e+00
2.084867403902447514e+00
4.513896122295509628e+00
-4.102246293962208412e-01
3.055285779751290676e+00
-3.663175077594182927e+00
3.492927713165723702e+00
3.763524751294649917e+00
3.679424402403160599e+00
-4.855819640137504223e-02
4.395055311895436745e+00
-3.383090674532844844e+00
6.665596043261645676e-01
3.689335006285235252e+00
1.010718699606627524e-01
2.076634105093235760e+00
-2.926321663915238958e-01
3.909619667496311735e+00
2.031491998891646666e+00
2.174164035941101858e+00
-1.694704898604370236e+00
1.781349501604131191e+00
-4.605219922256400977e+00
-4.367529535807249452e+00
4.398063940619895362e+00
-3.351012858708739550e+00
5.412896095177526234e-01
4.212535461096972966e+00
-1.444545169083906178e+00
2.445891224811029829e+00
-6.029909379285269821e-01
4.063734748851183909e+00
-2.246754738633618409e+00
4.604089022884330973e+00
4.161522958047179088e+00
-1.083196386247688991e+00
3.030136138441880789e+00
3.067802485909750132e+00
3.030609920127245616e+00
1.121275390720263943e+00
2.771697396460846896e+00
-2.679559044389589140e+00
3.029505127967279776e+00
2.882402731515072425e+00
1.522982203936297907e+00
-2.016723286909511970e+00
1.486243556889629502e+00
5.413605576910516248e-01
4.406798387162355723e+00
-4.363159054693339201e+00
1.766632766887212824e-01
3.875735184457724358e+00
-1.611363527508050453e+00
-5.285465287669852685e-01
-4.828326899052269638e+00
-2.863262978231189138e+00
-3.276164931629411470e+00
-3.738225249597075805e+00
3.956742591520200136e+00
4.969631395501215465e+00
-3.269716013168413316e+00
-5.288414011855149255e-01
2.505278820542341300e+00
-3.060709867154148611e+00
