-3.130145115514092247e+00
-1.789197232810786353e+00
9.702919457544396664e-01
1.421694247593483951e+00
1.941855321038223892e-01
1.008379092323622217e+00
-3.073063083242471905e+00
-3.391610444714228123e+00
7.759045678520983813e-01
2.501953689122892399e+00
6.087887621024448137e-01
-1.172777989490118244e+00
-1.351376039668419349e+00
-4.285443597383774339e+00
1.454866744525936895e+00
-1.935094693687297251e+00
2.315008624602099552e+00
-2.688074465625716059e+00
-2.442037898158690989e+00
2.023311206722636868e+00
-1.082494936745978187e+00
-2.640364244557859230e+00
6.875921699103049178e-01
-3.225292710981311206e+00
9.766998805923190474e-01
-1.848860102938034711e+00
-2.478564024237632779e+00
-3.195829007290723389e+00
2.730762087467631716e+00
-2.211111577433710895e+00
-4.775019733688750101e+00
-2.890776252721170003e+00
3.584787908055378836e+00
-1.654546107092034202e+00
2.223704248933127126e+00
1.148673681225920618e+00
-2.608085210616954974e+00
1.104924815357536616e+00
1.836761496978356334e+00
-2.411390092343974612e+00
-4.258681571129604215e+00
-3.033485817387036931e+00
-4.448732288356296749e+00
3.964984535399869614e+00
-6.227199378295811272e-01
3.572990860751797726e+00
1.981828384062832349e+00
-1.570076702860292439e+00
1.312281112137902106e+00
1.223518323742761815e+00
9.732400213652478982e-01
-7.004653645301193166e-01
1.940836060127454132e+00
2.108865603098628583e-01
-1.342639951806875231e+00
-3.952203535563106662e+00
4.308384572021010328e+00
-1.427298393415185274e+00
-2.531273512296134065e+00
3.087331191453570156e+00
-7.621585192341857606e-01
1.707575726241982395e+00
1.907674022907848155e+00
-1.313294206470105863e-01
-3.135928273484533957e+00
3.542720486082831854e+00
4.122492103695424959e+00
-5.981067237017221316e-01
-1.270403861638671472e+00
4.396801743143115004e-01
1.694324497645025573e-01
4.621279364454245808e+00
6.564915202529144622e-01
-2.032219141970710297e-01
4.313317317713389443e+00
-3.444795408106182677e-01
4.292593633980615664e+00
-4.006426287395493446e+00
3.039444695611326352e-01
4.914570638871676778e+00
-4.912178700132554532e+00
-1.696046979818659484e+00
4.319740487809431428e+00
3.752156537561230465e+00
1.516718902885917153e+00
-1.680331076605581231e-01
3.442404589402023873e+00
2.372883751262966356e+00
2.516309549974597992e+00
3.809074397818482893e+00
-4.817928827975652695e-01
3.956358937816386145e+00
-2.924758863405529929e+00
1.740652088407372844e+00
-2.018841710745382656e+00
-3.939435708015190940e-01
