3.444804646679209270e-01
-7.303488665476738362e-01
4.350275414608596236e+00
-4.321337956737955288e+00
3.018123603509952346e+00
2.511901683399252683e+00
-1.701856735285423916e+00
-2.317732455463850982e+00
2.650254632384644538e+00
2.184522822308813339e+00
4.513542477630766214e+00
1.674818138479084340e+00
3.613555727907307613e+00
-3.090089554077769307e+00
-4.383030383348033965e+00
-4.548541528606623530e+00
-2.635699521599597972e+00
2.222331270475437215e+00
-4.980745884666321288e+00
2.655498462430108120e-01
1.501853040301426745e+00
-4.037944242775246551e-01
2.661972063724884485e+00
2.784636250100572141e+00
2.450596141005600970e+00
-4.766950101851116450e+00
-1.757440384409532097e+00
1.671491024298275896e+00
-3.944366934321607232e+00
-1.604048759690282822e+00
-4.212553121995586736e+00
1.616571276529290557e-01
2.312480697391748663e+00
-4.315446403105753781e+00
-7.374306824090126611e-02
-3.865189195083832630e+00
4.451713304048297459e+00
-1.186638553215978220e+00
3.406671647533581648e+00
-4.454918022644033471e+00
-1.230970397681089068e+00
-8.853908607159617361e-01
-6.408413113622408730e-01
-5.495515250833804544e-02
1.344059669094224141e+00
5.716449799667069342e-01
-3.132740396847387920e+00
4.674602294729972130e+00
-3.114836598094493425e+00
1.935645257743054515e+00
4.210990853622369912e+00
1.468457411779434452e+00
4.260633824751849374e-01
2.022431697823289021e+00
-3.055401810518523220e-01
-3.206701345415663429e+00
3.210826836902970882e+00
-2.450664689454752576e+00
-3.049699121601334717e+00
1.713955321402083065e+00
1.064499662165395932e+00
-2.027791442514713438e+00
2.158369644582461611e+00
-1.568464073626331334e+00
-3.805226370163596883e+00
3.537571357138807215e+00
-2.601386679124360057e+00
2.347209102843530459e-01
4.312821236732446550e+00
3.476128412224092301e+00
7.900350237505104900e-02
2.244226561385673335e+00
1.127358882299105858e+00
-1.299821469361508441e+00
-4.857157110248785159e+00
-2.771476601129023720e-01
2.668154804387503631e+00
2.782262181517106470e+00
3.332939013828312369e+00
1.024652987176929209e+00
4.265189964348264695e+00
-6.257917393393697125e-01
-2.019865745976767712e+00
3.741961638018558745e+00
3.811917611943618667e+00
1.510283051904187879e+00
5.458693698607355316e-01
2.256159496841892320e+00
3.680168799640753718e+00
-2.242815877809537284e+00
-4.227645335823670969e+00
-4.661354953165213644e+00
-3.905062959318366111e+00
-3.979989505842983277e+00
-8.080393223204094255e-01
-2.823303925366703382e+00
