4.953954467716213728e+00
1.856036525877502896e+00
1.165645701675424029e+00
3.605049673821428158e+00
1.556577858788134705e+00
-2.785883942232590726e+00
1.419325216225359121e+00
-2.487881828240462667e+00
-2.155716919278573229e+00
2.693623465884499524e+00
1.553588029329136866e+00
2.703809517890597647e+00
3.607737756509362015e+00
-3.019558088622184222e+00
2.793925237964556274e-01
-9.025424727965534188e-01
1.597370999404095215e-01
3.320530928732351228e+00
-4.647046718879618510e+00
-2.857156417137538540e-01
-9.293161900912592088e-01
-3.224096365710500400e+00
2.118608593461281941e+00
6.105695968024758002e-01
3.650930989275614991e+00
-3.383009679394526348e+00
-1.783435818721106347e+00
-2.419194636753855043e+00
4.044653915096144914e+00
4.268215310002354101e+00
-1.460432281894727957e+00
2.254336092551536552e-01
3.577693058736370446e+00
-3.815962019976665509e+00
-1.771503556528796430e+00
4.359710854375942191e+00
-4.941830775933320652e+00
-1.782443820026026415e+00
4.037679682565611827e+00
-4.121520045211579664e+00
8.414604245083125988e-01
7.692665667593390211e-01
-2.317732752026443244e+00
3.274617400591493421e+00
4.521549512100408563e+00
4.829304789819978794e+00
-4.222843584993364097e+00
-4.552978444508184452e+00
-1.524846209554563181e+00
4.670845428989174764e+00
-2.826648225978902751e+00
-1.319186150669384716e+00
-4.883050536508275030e+00
3.429917804998156683e+00
1.764772251619347365e+00
-4.520108093698053331e+00
7.437631037233458642e-01
-3.221887056236483193e+00
1.495758917226083895e+00
-3.719843179470779582e+00
1.272574307496522117e+00
-4.868788051128798422e+00
-1.637382229961264812e+00
2.212664241253635922e+00
-1.271276905522401357e+00
9.716853844470039192e-01
2.095266535020670062e-01
-9.387423693865049046e-01
-1.594552733441462422e+00
3.752866081317975500e+00
7.400859279608704711e-01
-1.743039270091220061e-01
-3.461427207398734218e+00
-1.937655172704280115e+00
-4.179757219593648543e+00
-2.775058235415632790e+00
-2.136378288639492418e+00
2.322905172396972695e+00
3.013460030725008565e+00
1.448741270968419315e+00
-3.679404800858882219e+00
-4.480074592632021790e+00
-3.427937713026216748e+00
-1.586513850446882312e+00
-4.525117594922938302e+00
5.970580557563067714e-01
3.353855463041176321e+00
2.238022250611769515e+00
1.772879181277855487e+00
3.112119733305794611e+00
-4.742887270923459297e+00
-4.322769499438937402e+00
-1.666517532018719550e+00
-1.221367994986409578e+00
3.106249033116789349e+00
3.616205960470360026e+00
