-4.255938097409702969e+00
-8.779943721381169297e-01
-2.767073478593142788e+00
-2.844796288189601619e+00
2.279209825841500781e+00
-2.203271487788942551e+00
-9.900558122506470937e-01
-4.673138765474852185e+00
3.278530976472714187e+00
1.886900635920961911e+00
-3.165590306212694216e+00
-2.987546653583698308e+00
2.074866832430751984e+00
4.660955332947940732e+00
1.868385447298384072e+00
-4.545909776376210409e+00
3.550991872435192320e+00
-1.454380956573370298e+00
-5.025317636914019559e-01
-2.450554473615778939e+00
-3.189844605260858668e+00
2.911240037432949457e+00
1.360904768276940402e+00
2.188882121533856306e+00
-3.929123609218025948e+00
-1.523816087721485690e+00
1.741503884797453772e+00
3.376885811657839298e+00
3.511231445241794091e+00
-3.471817951295851579e+00
-5.728130035214809013e-01
-1.634303022730567712e+00
4.371540426751558073e+00
-1.392536237138355393e+00
2.034583074091729671e+00
-1.715876765957603745e+00
4.452877560945246671e+00
2.841454188002408898e+00
3.578293251874708147e+00
-4.789360628329223601e+00
7.245024360575254008e-01
1.906839325950892672e+00
-4.871347189074932693e+00
3.760994807813473173e+00
-1.341523554712829913e+00
3.787217252350616903e+00
-4.160289563957801029e+00
3.298329910192350667e+00
1.047586026116189117e+00
4.118866944177250744e+00
2.763016793906101221e+00
3.318375379654179724e+00
4.191016144001574517e+00
4.748220651292244909e+00
3.090343898589658522e+00
3.329454410945832166e+00
-1.646918098040135447e+00
1.585811675119403574e+00
1.505731057167409404e+00
-3.795439866442205989e+00
4.197504899365561926e+00
6.377945495346084570e-01
-3.424482944576576759e+00
-3.105273639556811460e+00
-3.039318650320468329e+00
4.193988103374303833e+00
-3.143578955563376631e+00
1.848069209356521192e+00
3.966412729487792888e+00
-4.309359036509073704e+00
4.883966124877193948e+00
4.767226650134603005e+00
-3.501576790029610198e+00
1.923001569605737870e-01
-2.314574415517269834e+00
-8.484164428845675232e-01
9.177513479264209906e-02
4.673203450352517052e+00
-4.082353278721226886e-01
-4.407862212606783459e-01
4.992732679976866095e+00
1.176248828331535989e+00
9.213994746794620383e-01
5.167782095286108657e-01
6.900024698930105060e-01
-3.797849069544732004e+00
3.118606186981651263e+00
4.445427688424722135e+00
-6.284526531112177850e-01
-1.279208592314783566e+00
2.898644815644538575e+00
-1.901310086328215299e+00
3.276905642490246962e+00
3.273022389545925392e-01
3.111646421736958601e+00
-5.504570777465822573e-02
