1.838928686632228526e+00
5.644529728791205514e-01
2.088904298957837469e+00
3.745477538789268479e+00
9.442995392788535725e-01
-2.662091764301926844e+00
-7.420090819502114243e-01
-1.340959438879946397e+00
-1.232416557176660987e-01
1.773854387546579758e+00
3.124752083368369071e+00
-7.704347445531292138e-01
-3.468115550486330356e+00
-4.380786011074492059e+00
2.889286717261722259e+00
1.003309138448221560e+00
2.865242190080508067e-02
3.263691781770614142e+00
1.188867957102724304e+00
-4.394628059019263233e+00
-1.991424109300252709e-01
-2.174088077966427335e+00
6.824863715787010676e-01
-3.812433221156066310e-01
5.385781807607195049e-01
-3.017843432124208469e+00
4.141097194895969835e+00
4.743725119362883547e+00
4.118313131278517503e+00
1.206008937005287329e+00
-4.298833638742365792e+00
-4.917590154518425294e+00
-3.463178519348932838e-01
-2.864020833234287799e+00
-1.903948035630981472e+00
7.089164551324325103e-01
1.360798927567406835e+00
-2.764954403817542428e+00
3.160613661100155625e-01
-2.109432013452108290e+00
-2.264693368999406431e-01
5.886011176621810392e-01
-4.440895234092185007e+00
-7.767694232278765654e-01
4.864773319990082001e+00
1.998924711851213232e-01
-1.381321915493422203e+00
2.384938781890078019e+00
6.117031287911602888e-01
-2.241351375256645184e+00
4.036122621378797959e+00
-2.786409462523218306e+00
-2.979991925871119385e+00
7.699350442533265948e-01
-1.975826424265100023e+00
3.955528814577531804e+00
-3.367470715733059450e+00
1.596646512562418962e+00
-1.080580517277537567e+00
4.792309390517925038e+00
-2.433786981785728276e+00
-6.570630346995889326e-01
-4.785765858617509139e+00
3.412249855585994140e+00
2.167783377337244133e+00
2.359301580805365006e+00
-5.142659578535235809e-01
7.925023286717944870e-01
1.205434300342178133e+00
4.068120837988040250e+00
-2.575638184306150436e-02
2.706392815382425709e+00
-4.427410800970948301e+00
-1.637743365364347170e+00
1.027742829593583984e+00
-2.626033766253140556e+00
4.391442296532758860e+00
-1.868110229231022323e+00
9.015758447313828583e-01
3.756860392099820700e+00
-4.804751312135488561e+00
3.427720160185495857e+00
-2.250431958728523973e+00
1.770962157417192095e+00
4.752003270932480206e+00
-2.542106902228037590e+00
1.584623562291453958e+00
-7.165834429619613033e-01
4.064546740538769853e+00
-4.899054832510302049e+00
-4.776785914115237119e+00
6.982180813897329585e-01
-9.875657557863091185e-01
1.278116697601593188e+00
4.894000741747909444e+00
-2.549579992618285829e+00
