-2.282648179161488322e+00
3.489052418361401564e+00
-1.883407728783267565e+00
2.258759792073822936e+00
-4.227038690467814774e-01
-7.657180035126351925e-01
-4.347902113604382279e+00
-5.005236887294497450e-01
9.049381281210946426e-01
-4.965646701152481413e+00
3.695152933622500413e+00
4.164341177907999736e+00
-3.468213216645010810e+00
4.761372058847479494e-01
-4.974558849016269768e+00
1.560260505865562308e+00
1.611683597322736361e+00
2.288167285724137301e+00
8.219316190740579842e-01
3.896654151595363658e+00
-4.000801038555127143e+00
-4.089607487828025967e+00
3.213272991181723270e+00
-4.900894377737309071e+00
-4.964700393238127063e+00
6.117955598899431635e-01
-4.500900146439916760e+00
-2.787289963340048082e+00
-4.721038399853774159e+00
1.670336439877226908e+00
-2.953885547856502924e+00
4.315978437852269423e+00
-1.545094764222327832e+00
-1.189697995057124036e+00
-2.428246931100253025e+00
-1.933117608889576289e+00
-3.502211803234035692e+00
2.868521943406594943e+00
-1.738361937419909964e-01
3.958421064540821988e+00
3.439503762384452656e-01
-2.491648401175696748e-01
7.113851793855019423e-02
4.042404357531969694e+00
-1.278017719614323866e+00
-4.560753114611335590e+00
-3.279559007534971204e+00
1.479679276640776031e+00
-4.111501509475074201e+00
-2.958773747286451705e+00
-6.900887998531333167e-01
-2.746304731595674564e+00
-9.659864734628147431e-01
-1.049358169163006060e+00
4.652268095668809167e+00
2.158225364983897165e+00
3.300505803934299820e+00
-1.391286662270907470e-01
3.331026691132585427e+00
9.844919582188191853e-01
-3.978582372217275065e+00
-2.519296494060485614e+00
-1.298399084157608740e-02
-2.204919527368130794e+00
2.132417331326381671e+00
-3.206411846681698208e+00
-3.028146025769080651e+00
-2.039614644734920823e+00
-3.389811269817416317e+00
7.343773970940929985e-01
1.480640984507709312e+00
-1.822637067358774399e+00
-2.224642521091699798e+00
4.870114265384334118e+00
-2.673007523106582184e+00
2.152341169717111313e+00
3.957392902651893252e+00
-2.375951943437655256e+00
1.332634938528975965e-03
-4.274538907689603207e+00
4.095155124064724816e+00
-2.187051544573921369e+00
-4.331061089776405915e+00
2.584272420546485094e+00
-4.438783892976605472e-02
2.759085218006767981e+00
-2.169495279734132698e+00
-3.005453467279173285e+00
-8.529531528929057416e-01
4.624702707348301800e+00
-1.258227002096949931e+00
4.741448793870254974e+00
-4.410869648754052186e+00
-2.496077899495783292e+00
4.447172416865541322e-03
2.780981491747940737e+00
