-2.380518128905767306e+00
-2.979649405902780046e-01
-3.294530252279637139e+00
3.605049673821428158e+00
1.556577858788134705e+00
-2.785883942232590726e+00
1.419325216225359121e+00
-1.877423479221995706e-02
-2.155716919278573229e+00
7.781662043224866210e-01
1.553588029329136866e+00
2.703809517890597647e+00
3.053465496024129422e+00
-3.019558088622184222e+00
2.793925237964556274e-01
4.558090785675954493e+00
1.597370999404095215e-01
2.329634518759374551e+00
-2.414300511051348241e+00
-2.857156417137538540e-01
1.531540691265052878e+00
-3.224096365710500400e+00
2.118608593461281941e+00
6.105695968024758002e-01
4.245878752547566748e+00
5.253216056522749255e-01
-1.783435818721106347e+00
-2.419194636753855043e+00
8.345874541860869300e-01
4.268215310002354101e+00
-4.838938078678491017e+00
2.254336092551536552e-01
-4.161234497461142823e+00
-3.815962019976665509e+00
-1.771503556528796430e+00
4.359710854375942191e+00
-4.941830775933320652e+00
-1.782443820026026415e+00
4.037679682565611827e+00
-4.121520045211579664e+00
8.414604245083125988e-01
7.692665667593390211e-01
-2.317732752026443244e+00
3.274617400591493421e+00
4.521549512100408563e+00
4.829304789819978794e+00
-1.218879189600269086e+00
-4.552978444508184452e+00
-1.524846209554563181e+00
4.670845428989174764e+00
-1.596295299837807491e+00
-1.319186150669384716e+00
-4.883050536508275030e+00
3.429917804998156683e+00
1.764772251619347365e+00
-4.520108093698053331e+00
7.437631037233458642e-01
-3.221887056236483193e+00
1.495758917226083895e+00
-2.664029939483326892e+00
1.272574307496522117e+00
-4.868788051128798422e+00
-1.637382229961264812e+00
2.212664241253635922e+00
-1.271276905522401357e+00
9.716853844470039192e-01
2.913726050194686223e+00
2.628465549676475277e+00
1.696867284295628941e+00
3.253029937523947979e+00
-6.379062769438723635e-01
-3.024302251617546844e+00
-3.461427207398734218e+00
-1.937655172704280115e+00
-4.935013174881980547e+00
-2.775058235415632790e+00
-2.136378288639492418e+00
2.322905172396972695e+00
2.232746113407952926e+00
1.448741270968419315e+00
2.936126076903491366e-01
-4.480074592632021790e+00
-1.354466468306974036e+00
-1.586513850446882312e+00
-3.106753755847433407e+00
5.970580557563067714e-01
4.736920196380244974e+00
2.922335224073658644e+00
8.201518786427444141e-01
7.066640310626413068e-01
-4.890071206735521869e+00
-1.662616596302028071e+00
-2.073002721676566740e+00
-3.586076630493177042e+00
3.184543814932720096e+00
-2.001839783231186054e+00
