4.962492913623888668e+00
-1.782575832471948729e-01
-1.255369805851440645e-01
2.258759792073822936e+00
-4.227038690467814774e-01
-5.598917443302662278e-01
-4.347902113604382279e+00
-5.005236887294497450e-01
9.049381281210946426e-01
-4.965646701152481413e+00
3.695152933622500413e+00
4.359680635539346483e+00
3.176499870016851190e-01
4.761372058847479494e-01
-4.974558849016269768e+00
1.560260505865562308e+00
1.611683597322736361e+00
8.297781447642362807e-01
8.219316190740579842e-01
3.896654151595363658e+00
-1.114242285447052616e+00
-4.863989395084562517e-01
3.213272991181723270e+00
-4.900894377737309071e+00
-4.964700393238127063e+00
4.094105468305258455e+00
-2.009686995701047696e+00
-2.787289963340048082e+00
-4.721038399853774159e+00
1.830589334510149158e+00
-2.953885547856502924e+00
4.315978437852269423e+00
-1.545094764222327832e+00
-1.189697995057124036e+00
-4.264050103747750953e+00
-1.933117608889576289e+00
-3.502211803234035692e+00
2.868521943406594943e+00
-1.738361937419909964e-01
-2.107253430189741650e+00
3.439503762384452656e-01
-2.491648401175696748e-01
-4.231870282727241417e+00
4.042404357531969694e+00
1.959928963447684858e+00
-4.560753114611335590e+00
-1.989563910778225697e+00
1.479679276640776031e+00
-4.111501509475074201e+00
-2.958773747286451705e+00
-6.900887998531333167e-01
-1.251383476757623736e+00
-3.204213092386298811e-01
-1.049358169163006060e+00
4.652268095668809167e+00
2.158225364983897165e+00
3.300505803934299820e+00
-3.734519282783279603e+00
3.331026691132585427e+00
9.844919582188191853e-01
-3.978582372217275065e+00
-2.519296494060485614e+00
-1.298399084157608740e-02
-1.416788522408971573e-01
3.127502958511559683e+00
-3.206411846681698208e+00
-2.839026328375701347e+00
3.926262510142064954e+00
1.570499769856246175e+00
2.768811381432159102e+00
1.480640984507709312e+00
4.253136020435720255e+00
1.375302616898831154e+00
4.870114265384334118e+00
5.904639046326822793e-01
-1.067346430660350620e+00
-1.125417745165590233e+00
-2.375951943437655256e+00
4.798169715012857495e+00
-4.274538907689603207e+00
4.581149823269459631e+00
4.194395734279321886e+00
-3.748240453540447881e+00
2.584272420546485094e+00
-4.438783892976605472e-02
2.759085218006767981e+00
-2.169495279734132698e+00
-3.005453467279173285e+00
-8.529531528929057416e-01
3.045336533773607357e+00
-1.258227002096949931e+00
2.083486450185095151e+00
-4.410869648754052186e+00
-2.496077899495783292e+00
4.447172416865541322e-03
1.448219658386888931e+00
