-2.465685060677638152e+00
-1.412274225489759338e+00
8.143780247801153394e-01
3.995059668490659632e+00
4.713364582918835310e+00
-3.032737799359501718e+00
-1.658954642323151596e+00
-1.198199549621362436e+00
6.111252346562334736e-01
-5.437814952971553595e-02
-6.937152893209432847e-01
4.901828287357130165e+00
2.214441775657116196e+00
4.871614649521035290e+00
6.484987486896383047e-01
1.241348354490927619e+00
4.322246008273468831e+00
-8.384538000894021792e-01
4.799813936853261964e+00
-1.866629450301893201e-02
-4.895702706753576550e+00
3.593915018348390333e-01
4.798698695482258358e+00
-3.349958463054834024e+00
-4.323952267788730985e+00
4.606036642291293504e+00
-1.058182031774355991e+00
4.049782919524798075e+00
-2.192513264395881123e+00
-2.950366725004212043e+00
-3.076293043711260111e-01
1.781146972506816084e+00
1.548560725133012461e+00
-4.145578869875556904e+00
1.459176844071134127e+00
1.996980868917362706e+00
4.521517618894499435e-01
4.765072689798746097e-01
-3.917532183847693972e-02
3.647266938351114263e+00
3.793136842980270984e+00
2.122498439682198423e+00
-2.786926901188557792e-01
-2.096445346051776237e+00
3.223679972383470371e+00
-3.415230345566099501e+00
-2.696455083650797224e+00
3.082162633723816825e+00
-5.388820819911224191e-01
-7.330840956265936015e-01
3.863415453896392293e+00
4.680154599971967144e+00
2.771513456499320682e+00
-1.006332249230944775e+00
1.529178969843680846e+00
-3.403361199676762094e+00
-3.628159822694682290e+00
4.947749402236222949e+00
-1.731257370334933210e+00
1.405883358760750212e+00
3.436956697183820353e+00
2.280515435589158812e+00
4.766378218845305881e+00
-4.243272945918032946e-01
-2.651931240179120408e+00
7.198731725070226517e-01
4.765415752844100794e+00
1.280698700910489762e-01
-7.771737038416093313e-01
4.467491489082064504e+00
4.076447784818311604e+00
4.291582211799006785e+00
-5.680722205491663956e-01
-2.345698081894630249e+00
1.033463594490015680e+00
-3.972193282242041157e+00
3.468321479900440707e+00
2.690125211031332064e+00
4.869627320293616890e+00
-2.404768926865389567e+00
-3.949464930005148755e+00
4.483556831790808772e+00
2.581050730966899742e+00
-4.196658328822779893e+00
-3.641493331436942427e+00
-3.085432012488448450e+00
-4.835241159001533617e+00
-4.779705580592663594e+00
-4.999354723746744611e+00
3.603380507315208092e+00
-5.372778850993054078e-02
-2.024972208468571733e+00
-3.053448803578221238e+00
-3.813045153226219064e+00
-1.605073746529762424e+00
1.198606683695434327e+00
