5.298612720191258063e-01
-2.956741657147650137e+00
-4.709207196615054158e+00
1.307434100213308525e+00
6.130149873330372756e-01
3.881222415100225476e+00
-1.471679752799715857e+00
-1.946013166866240596e+00
-4.468256116341624562e-01
4.994774627801788824e+00
-2.696920632615996460e+00
2.946975932967008660e+00
-4.686501372907007301e+00
1.009647670394276275e+00
-2.051362551622472274e+00
-2.219655119921103648e+00
3.727915231949994634e+00
2.578334032337824766e+00
-4.769580438082803298e+00
-4.025129350406729145e+00
4.421784231594619641e+00
-2.869177945526294238e+00
-2.356067652706599347e-01
3.371755809902937884e+00
2.227230907426264395e+00
-4.365909095090943381e+00
-3.479720087311234167e+00
2.025073379111397287e-01
6.630713371485388308e-01
-4.943790275015471636e+00
4.676559172476634885e+00
-1.811399568447503938e+00
-6.279200650913976389e-01
-1.489323886717958345e+00
-2.985462377288748748e+00
-2.709307088021060128e+00
8.750246450437408896e-01
4.985023458543697217e+00
2.952605405896892243e+00
-4.047497150370205077e+00
-1.520968346240265667e+00
8.351656375353773143e-01
-4.374426811151463923e-01
-3.506814103327330123e+00
4.928724258571383743e+00
3.653519227196731833e+00
-2.058871886802149387e+00
3.296322021907055699e+00
-1.985128790859743475e+00
-2.120292351979331524e+00
4.203425209510134763e+00
-1.150883060950459225e+00
-5.212219712571002361e-01
-4.313951798912314395e+00
-2.582274178908474660e+00
-8.047633689255402345e-01
-1.628285771444128116e+00
-3.133829750387992163e+00
3.442577233256869818e+00
2.034259209413096237e+00
-2.961554858268058421e+00
-1.188566318793141896e+00
3.616948997595901716e+00
7.182332522260983509e-01
-4.394433922672627446e+00
2.331356917744257018e+00
-1.350726354635944926e+00
-4.574912392632049851e+00
-3.518482325663430998e+00
-2.293020910397044254e+00
-1.639671691688919797e+00
-6.848106745980988563e-01
-4.813879120906969789e-01
-4.285814914506373086e+00
4.521795675578351492e+00
4.000785321854905874e+00
-3.791365964282578105e-01
4.853146556964187397e-01
-3.584550651936915244e-01
3.828562405933977786e+00
-1.316934934481995612e+00
-1.181210824943660143e+00
4.355734164900415095e+00
2.661935385158189504e+00
5.874771777366136760e-01
-1.115119192991480546e+00
-3.211670615751478497e+00
-2.818269383528591909e+00
2.224916321122609730e+00
-1.191328813457390723e-01
-1.513745883595152275e+00
-1.094925949862721737e+00
2.668821503069205292e-01
-1.446769584288443156e-01
-3.359555733524625332e+00
1.575945322072666244e+00
