-1.961819661412438354e+00
3.536611004113806800e+00
2.400061165582192402e-01
-4.270243587447795086e+00
3.290839148548954540e+00
-3.345979506116585345e+00
3.254373494201241002e+00
4.589832815990085635e+00
-2.869394150895737461e+00
-1.286080130840897340e+00
4.106025952883575414e+00
-3.466545962524703040e+00
-1.547550751504345179e+00
1.675147592499587113e+00
-3.037811673214108055e-01
8.059198112601606567e-02
-2.476856647349627849e+00
-6.506206813770498698e-01
-4.323844955448388205e+00
-1.522791332867381442e-01
-3.864889307303388755e+00
2.123607833166998304e-01
4.502731157472473100e+00
4.946929230586992077e+00
1.409691719082885264e+00
-3.309621307007148960e+00
-4.022470692860162345e+00
-4.893911283127772904e+00
9.411575051042682105e-01
-1.081103592825213511e+00
3.249377386032534787e-01
4.952664311591647106e+00
-4.436040392565681501e+00
1.321153245442423518e+00
-1.786050140992733404e+00
2.187974206748464212e-01
-2.204905210608077759e+00
1.672993558373004674e+00
2.300607611689544640e-01
2.040114659271493380e+00
-7.801133702483999954e-01
4.546260620250835771e+00
-2.636602241115783229e+00
-4.469427381331517068e+00
-3.406846668678997769e+00
1.765962409198710503e+00
3.404583965028567860e+00
-2.879726606762456065e+00
4.966038519729385925e+00
1.800838106914543602e+00
1.960370966239684876e+00
-4.633482995540996185e-01
-3.940427291585966163e+00
2.211296929116508991e+00
3.823160148474487485e+00
2.190058272983926635e+00
2.230063760347186452e+00
4.013981167315108678e+00
3.672503272318397904e+00
7.195708926329471566e-01
1.357026950028052958e+00
5.948794259459546652e-01
3.262096699060270666e-01
4.029047897906973930e+00
2.672395589696527018e+00
-2.173766283289408907e+00
3.641341563907797507e+00
-3.502135263887536709e+00
3.659427058895497353e+00
4.330719518394037237e-01
4.494974159867579644e+00
2.545244625562147256e+00
2.929887268778417209e-01
3.518353422332513247e+00
-4.559306985365408238e+00
4.586479268535502030e+00
1.021876031238888594e+00
1.508207692029466251e+00
1.672456440525783350e+00
1.578282289654806547e-01
-4.266337661898469413e+00
4.477354772384781967e+00
4.195585323418182355e+00
1.030304229327504650e+00
3.616503126077672547e-01
-4.100110253524161585e+00
-4.445743860395507951e+00
-1.302766557702994543e+00
-4.757059045150413112e+00
-3.691885352764433748e+00
1.547162644185467784e+00
-2.762954848470657865e-01
-1.346211082132022785e+00
3.928887055804304751e+00
1.649531198049408509e+00
2.982005016531905639e+00
