-2.124692967811137034e+00
-1.792602347390397366e+00
-1.199381062595088476e+00
1.960312342760780702e+00
2.090345265292964605e+00
1.022759266010440093e+00
2.880191199591591200e+00
-1.179630415213326344e-01
6.265304913099871698e-01
4.239537840900805321e+00
1.667460708703013772e+00
-3.366850291693268549e+00
4.049997843439808065e+00
1.525588356365509490e+00
3.373039523565132924e+00
3.686679707179683518e+00
-2.305387820906602769e+00
3.647560067871387091e+00
-2.907388239036416966e+00
3.407539957001137765e+00
7.880492197261723675e-02
4.012533069593747115e+00
9.606111665793211074e-01
4.376116852017696957e+00
-2.697154555307030854e+00
2.195810836764646723e+00
-1.739707262535596044e+00
2.140988542574318032e-01
-3.550166353233707994e-01
-4.888471073496432950e+00
-8.056747923815201773e-01
-3.965576834216406610e-01
1.147399999138966287e+00
3.030786456037235510e-01
1.058619641215166496e+00
3.816216069074434003e+00
6.387114483006843813e-01
4.906393650598092293e+00
-1.567535633945843720e+00
-4.387753786985912896e-01
-4.856214967750503320e+00
-1.115834986219664593e+00
1.382179968186338037e+00
-2.319048060405290101e+00
3.099048526971659001e+00
4.042416631864272247e+00
4.051330787729350291e+00
2.164272446217283985e+00
1.829729360227196011e+00
4.207469217323755117e+00
-1.738680927518877262e+00
1.245005149309944770e+00
4.476412855042770644e-01
-3.451263657927662543e+00
-7.234376607817694094e-01
-4.593726063520561453e+00
-5.537279210069794289e-01
-4.046387468742482341e+00
1.460702686921472093e+00
-3.379663404809678529e+00
1.520003341604287073e+00
1.919909016116965184e+00
-2.958304074377646753e+00
-3.184713234460050391e+00
-3.351510841319647938e+00
-2.183729997666308265e+00
-3.652240957504995222e-01
-2.997288082268503295e+00
-8.014592733087848586e-01
-2.970483576132401993e+00
2.901943097255225368e+00
-2.490784521719179523e+00
2.712165326799125253e+00
9.666143540511118459e-01
-4.101600159480395469e+00
1.413931317044571756e+00
-1.771774993353295358e+00
1.159961788145964512e+00
-4.558541522100566290e+00
-3.227617234399956736e+00
7.482886422021195472e-02
-4.437548114557497314e+00
-2.465052574433623800e+00
-1.264056629121203201e+00
1.219246659116576481e+00
2.881990707144249875e+00
-1.330399844932901310e+00
-2.294849940579553937e+00
-4.602743773004073446e+00
-3.112492120592262879e+00
7.249041811826515413e-01
3.680225425896800573e+00
-1.516699607063877409e+00
-3.636856884149481939e+00
-1.781399817486128967e-01
-2.510418952478865595e+00
