-2.137290476419112295e+00
-3.278185827191544277e+00
-4.765215856552773133e+00
4.411652564820812472e+00
-1.429396279834589389e+00
-2.898610271571477881e-02
1.327461521300088876e+00
3.103416847687356039e+00
1.412244349682051592e+00
-2.888532720424837663e+00
-3.762960502068915858e+00
-1.926421745968665000e+00
-3.027234485272804143e+00
-1.100685884608179066e+00
3.376418932165137221e-01
-4.397903061248332968e+00
-4.343079709930686150e-01
-1.915939505281630595e+00
1.812427874538001582e+00
3.678157175219885389e+00
-2.651270655551703825e+00
-3.927354786984359691e+00
-4.217692434537845259e-02
3.232648027920308920e+00
-1.609235898885854610e-01
-1.004789394627989552e-01
2.579277863183860653e+00
-3.725675479550943692e+00
2.440801650491961183e+00
-6.493676254147873195e-01
-4.308780787010388025e+00
1.920349393064205046e+00
-1.670132808479598552e+00
-2.840929425532490171e-01
4.221125463766286501e+00
-2.303164531735608644e+00
4.038367039850038864e+00
-3.988631454662771247e+00
7.513322788512706296e-01
2.714199553672925980e+00
-4.635800743929015866e+00
4.653355404672929296e+00
3.364300096274194019e+00
-2.663739347822831061e+00
-3.156937252595344301e+00
4.878100930651052991e+00
-4.619133125844521182e+00
1.613740876523907630e+00
-1.185520118184948402e+00
2.157273182032345638e+00
-4.680569535290165284e+00
6.513339724436146838e-01
-3.214509517273040018e+00
2.155735031337445484e+00
-4.050780406591272254e-01
2.377127620768457739e+00
-2.707257158415767861e-01
1.275909015516383249e-01
-2.097017808300520869e+00
2.342134403743912685e+00
-1.033373495192249081e-01
-4.230855912569484900e+00
-1.717047334258440472e+00
-4.006803886225275946e+00
-3.852913521960400267e+00
5.851324685505643330e-01
2.695927623407426310e+00
4.668279005947040261e+00
1.855667478252848390e+00
-7.308270472772093740e-01
-2.693665233545821991e+00
2.550250399824196990e+00
9.032698503617506702e-01
2.419992871943419388e+00
-1.457766075114169446e+00
2.371314912707866540e+00
-1.103680156723783057e+00
3.733747361084985172e+00
-4.635640730793738840e+00
-4.755784540002901295e+00
3.968728165274100661e+00
2.624047499934336614e+00
-1.753599488130406225e+00
-3.484888712798791310e+00
1.473765847747817048e+00
4.695646685213050731e-01
1.287974983600344459e+00
3.363572139620892187e+00
3.729524774820852429e+00
-3.614334074316616352e-02
2.483721569426640130e+00
4.681240144155374594e+00
7.300397418578521425e-01
-2.121786416309551448e+00
1.207367535802239544e+00
-9.735334324928910377e-01
