-2.209733720025868209e+00
-3.713262228763710482e+00
3.499654894738020161e+00
-2.651165466751606914e+00
-1.576470982402105037e+00
4.167592327646314487e-01
1.266324248338023040e+00
-1.173069339477911477e+00
-3.466484612304357782e+00
-9.792908777900146688e-01
-5.726042776474162821e-01
-3.958791140116058926e+00
-2.492992931940761991e+00
6.852956375802854438e-02
1.174815588674103850e+00
-9.318199890303251465e-01
-6.198545839681104397e-01
1.601871150004737565e+00
-6.726024095023319660e-01
-3.338203850410668139e-01
2.133402093188939475e+00
-1.884919819995374279e+00
3.028830394835734907e+00
-4.197869554773381751e+00
-3.251747370276525384e+00
3.826703612686277012e+00
1.745132956933156620e+00
3.556637878451201829e+00
-3.708447778300252295e+00
4.906279407317072128e+00
-2.238105008585905331e+00
3.674430446634310954e+00
-1.919714661653024734e-01
3.704234590128693938e+00
2.326094424626914403e+00
-4.858002818369242526e+00
1.859442578837215088e+00
-1.553795684772918406e-01
-1.633117518287918735e+00
-2.159593439371381152e+00
4.102429693233721864e+00
2.765853979225726178e+00
3.396230087244367368e+00
3.609607654379225039e+00
-1.834944662326679854e+00
-3.534665959098854948e+00
-2.175920125314789733e+00
-1.004071710435943121e+00
-4.534876336989690060e+00
4.846493736282701192e+00
1.255979491647995161e+00
3.341084604435891947e+00
-7.736266542439231841e-01
4.767966040886404855e+00
3.904892584929644528e+00
4.976688098732154231e+00
1.349076714489970463e+00
3.409805325642960128e+00
4.388136665221752608e+00
3.351558711402219615e+00
2.764670749634939639e+00
4.591710884995572783e+00
-3.262046668418789874e+00
-1.186496597497406214e-01
-3.469828052826873233e-01
-5.137768986408399741e-01
-5.142659578535235809e-01
3.200884271076457566e+00
4.891279079591246415e-01
-9.994627919351994905e-02
-1.415902091263110396e+00
-2.864787075729760879e+00
-3.882974237917059313e+00
1.369207213416317792e+00
-3.017134658023232774e+00
-3.370874518289178390e+00
5.643707908309902876e-01
2.040049888555443225e+00
-2.047272329733316187e+00
1.452155453229604376e-01
-4.359371717891718845e+00
1.384723047033238785e+00
-3.990006929169637395e+00
4.799971236430449650e+00
-1.409463314481744778e+00
8.717065759096600530e-01
-2.333008857483052090e+00
3.845420353951388037e+00
-1.969501665409760793e+00
-4.838851947597799352e+00
1.682623702155962242e+00
3.769805448606520670e+00
3.619039079274013915e+00
2.248475632882295017e+00
1.625695447128986615e+00
3.125044048861841617e+00
