-3.947100576880784306e+00
-1.919712892475708976e+00
3.827234965874010797e+00
-3.000872769382977090e+00
-3.436387073099532508e+00
-2.506440776995264574e+00
-2.252751391841665285e+00
2.513846963588854067e+00
-1.211978187830389242e+00
-2.444749824831180529e+00
3.151673845820424091e-01
-2.014119808615639773e+00
-1.425714651808501543e+00
-3.740442675560450070e+00
2.501098520845729922e+00
-2.391259434477305490e+00
1.339604296999532096e+00
3.678432678121586363e+00
2.757205488172588481e+00
-7.076717453244061318e-01
-3.151461533723064257e+00
-2.028568359314097957e+00
-4.421013430039614001e+00
-3.731742751048761075e+00
1.657410389712163479e+00
-2.563983135538122404e+00
-1.581724417560386176e+00
1.904721314511684582e+00
-7.371598894069251173e-01
2.720735116059405101e+00
-1.551868020552600314e-01
-1.985439677598326291e+00
-4.963507894537984910e+00
3.506470462003205668e+00
-1.466376389223263743e+00
-1.371042831483078039e+00
-4.402273989466972459e+00
-1.092391797930249098e+00
-8.135956079890824810e-01
-2.724377498366594708e-01
1.188363726739706472e+00
4.444536786054415600e+00
-1.745757794597056822e+00
-1.686387670691499530e+00
4.567670285330979851e+00
2.698049750593879637e+00
-4.555177937230237006e+00
-2.435344426302574750e+00
1.493547831718958996e+00
-2.516895252107337555e+00
-2.120463849001863466e+00
1.621742922121277353e+00
-3.397612550768106310e+00
-4.600216714616447433e-01
-3.487583392449709940e+00
3.089350522906979535e-01
2.121580478276738901e-01
-4.312948650641067694e+00
-8.315658896000552858e-01
-4.890821873891502136e+00
3.194409335751144496e+00
-1.363750715943883307e+00
4.484341160082635724e+00
4.619196399918834572e+00
-1.343457739342752699e+00
-8.896536824591656512e-01
-2.702005736179926565e+00
3.999651158938156925e+00
7.852019535673901984e-01
6.825168387509332746e-01
-3.160280451983028538e+00
-1.401890185027609093e+00
-1.608274537590987929e+00
1.433101819161737289e+00
3.567299309887328462e-01
3.546897685232677233e+00
2.432061979364455340e+00
-1.074710045174365192e+00
-6.968153844347337866e-01
-3.449107708230194635e+00
-2.621170758187333583e+00
-5.576836583845121709e-01
-4.998774838171331503e+00
-4.171783371113360062e-01
-4.869372280105497275e+00
1.087328727621322599e+00
4.478596499384330798e-01
-3.214456072766702643e+00
-1.346267656107573707e+00
-2.240081847216306432e+00
8.546906211654956564e-01
4.603405880055932542e+00
-3.072985453670127320e+00
-3.746727342455518084e+00
-2.407228450690973354e+00
1.447980160602984512e+00
