1.737236001837505484e+00
5.567783854544146038e-01
3.101859088480976467e+00
-3.798614808083291550e-01
2.984094817899917373e+00
2.554318453503785946e+00
4.091168855629756962e+00
4.102167604049254734e+00
4.365223528238308504e+00
3.306957487922142391e+00
4.591807816851146029e+00
1.522024079326475210e+00
-2.737516579300185438e+00
-2.657465224832611383e-01
1.157284815189155935e+00
1.661621224018615450e+00
3.346017804367848569e+00
-1.800264752575999605e+00
1.012529841458297497e+00
4.509386023541367194e+00
2.526106926604629876e+00
-9.500722430215704506e-01
1.466180409721141942e+00
-3.830881401093040317e+00
1.586627845384604996e-01
-3.753197295813688328e-01
-4.799340361098542118e+00
1.310113804532267778e+00
-1.426435667584598832e+00
3.917146031837022591e+00
3.425246982823029640e+00
-2.151621518902386843e+00
-2.345210162611019999e+00
2.084867403902447514e+00
-2.057591153788216332e+00
-4.102246293962208412e-01
3.055285779751290676e+00
-1.241700310882251301e+00
3.492927713165723702e+00
-1.090195180710481715e+00
3.679424402403160599e+00
-4.855819640137504223e-02
4.395055311895436745e+00
-3.383090674532844844e+00
6.665596043261645676e-01
3.689335006285235252e+00
1.010718699606627524e-01
2.076634105093235760e+00
4.020260941247572717e+00
3.909619667496311735e+00
2.031491998891646666e+00
1.149862154089111854e-01
4.298590708087886014e+00
4.348313819880898379e+00
4.298859790499470535e+00
-2.120124843102325407e+00
4.553590460103190907e+00
4.057196665244161338e+00
-2.537153752463422229e+00
4.721016532085279493e+00
-1.747399965803389854e+00
-1.928396135393937172e-01
-1.723449832712279139e+00
3.199864363009156776e+00
1.386635295396684953e+00
1.077210623870560546e+00
-6.848697530149507884e-01
9.979960919454473611e-01
3.030136138441880789e+00
-7.143869758069323339e-01
3.030609920127245616e+00
-3.382305302657151458e+00
4.928645272486459561e+00
-1.921210000520389372e+00
3.029505127967279776e+00
5.776401730515914323e-01
-4.709788207798547788e+00
-6.124414708911825045e-01
1.486243556889629502e+00
3.301507590678838255e+00
1.135573516607637501e-01
-4.363159054693339201e+00
-4.491001012904716205e-01
-4.623141917901493869e+00
1.383369090074965335e+00
4.104797127111455168e+00
3.007659587845301630e-01
-2.976288182307367247e+00
-3.202207061216075790e+00
-4.026696074180597051e+00
3.455415780357078859e+00
4.969631395501215465e+00
-3.602506756336820715e+00
-4.673628639759730419e-02
-3.802585619918069426e+00
-3.060709867154148611e+00
