-2.951885004570902193e+00
1.357080085018428584e+00
3.155839481475112507e+00
4.080477164865207840e+00
3.733680832009049766e-01
-3.747572673210612937e+00
4.156270135942712329e+00
-8.373776550614797642e-01
-4.767048221068311165e+00
-9.485152817956423732e-01
2.464012554554360079e+00
-9.908829552641496008e-01
-1.865803907884751034e+00
-2.862692776100743686e-01
-3.244561449341186510e+00
4.167338336422758971e-01
4.660732597331822546e-01
-2.458882082714653805e+00
-1.301035026977845899e+00
-2.981216533891450027e+00
-3.686622134676759366e+00
9.610590714334872331e-01
-4.660299198010493527e+00
-3.505744082260165762e+00
-1.907055424014770573e+00
-2.019065599140156486e+00
-6.762499850908127996e-01
-3.410931396637622015e-01
4.178296576368346393e+00
2.708859683275647967e+00
-9.729372401002978066e-01
2.841998723106692992e+00
2.839255922461848769e+00
-4.015542611921544491e+00
3.141007599432615649e+00
-9.623529590693369329e-01
6.021797463929425831e-01
-2.293716068122927609e+00
3.827957181632658745e+00
-4.439778517755641474e-01
4.643252626062579935e+00
1.068641658176998632e+00
3.153125335459399992e+00
-2.815422860544884109e+00
-4.682204608598782514e+00
2.935352044998706944e+00
2.261782851622696988e+00
4.819931468526894136e+00
2.970083262497455578e+00
4.374567702325341756e+00
2.710783845817967830e-01
-4.234387209972235055e+00
1.767503404549866985e+00
3.577721177020691812e+00
4.362810760251299769e+00
-4.482623991544798514e+00
2.504652126768933229e+00
-3.944022456554534539e+00
8.156387660725252786e-01
-8.505947763122758687e-01
-2.411110815439222677e+00
-3.063073180126869577e+00
1.372314132542451048e+00
2.557640918678016462e+00
-4.821725407026286270e+00
2.687391900619546803e+00
-2.840683279725069177e+00
2.866116286203491015e+00
-2.170451931523381894e+00
-3.590813742137242137e+00
2.065808327714080406e+00
2.438612126877113262e+00
-4.142898311840959025e-01
3.993531209295319684e+00
3.742808093877522779e+00
-1.419889239485643273e+00
1.683130544202004586e+00
-4.556354635492210647e+00
2.369594702788946350e-01
-2.961919632581191397e+00
-1.852783995239526416e+00
-3.249481363846183690e+00
-4.077367930915787753e+00
3.451392884219568913e+00
2.005187617120096633e-01
1.553356599644164504e-01
-4.376965071036790889e+00
-1.491564638270024279e+00
-1.727376675583647270e+00
-3.879358872027586003e+00
1.786271409108024955e+00
-1.831153659828936853e+00
3.828135387208838836e+00
1.658617031173773348e+00
3.314473831266088411e+00
4.903912581490031286e+00
