-2.637190402369677944e+00
9.007982718440841197e-01
3.689686507096309853e+00
-2.336876950891946247e+00
-3.845835773774022304e+00
-4.940129698472867759e+00
4.027265857372652746e+00
2.513846963588854067e+00
2.852820068471223713e+00
-2.444749824831180529e+00
-2.710049020736965630e+00
-2.014119808615639773e+00
-1.425714651808501543e+00
-3.740442675560450070e+00
-1.858164747856685395e+00
2.907868358072516202e+00
-4.878324160266510390e+00
3.678432678121586363e+00
1.058577569178976496e+00
-7.076717453244061318e-01
-3.151461533723064257e+00
-2.028568359314097957e+00
-4.421013430039614001e+00
4.113566092068703384e+00
1.657410389712163479e+00
-2.563983135538122404e+00
-1.126462009087995320e+00
1.615093593548351691e+00
-4.703948018802010189e+00
-1.675862769951129927e+00
-3.214674615515367151e+00
2.233857238509948218e+00
-9.470159914259408396e-01
2.479791598831369015e-01
-4.841857172837595868e-01
-1.259669244273267985e+00
-2.329278980581381830e+00
2.685508937125128170e+00
-1.816219980316709837e+00
-2.724377498366594708e-01
1.188363726739706472e+00
-4.363820492540071427e-02
-1.745757794597056822e+00
-3.268466175879315649e+00
-3.195667628186499520e+00
4.447084384235747478e+00
-4.555177937230237006e+00
-2.435344426302574750e+00
-2.573525162266117050e+00
-4.573086670086615513e+00
-4.184265195424938355e+00
1.621742922121277353e+00
-3.397612550768106310e+00
-2.595109070281984565e+00
4.354676465229481153e-01
1.824136396725934972e+00
2.668598302924287680e-01
-2.455973488721213904e+00
4.088168899299155612e+00
3.515368765541333929e+00
-1.899820229143307504e+00
1.506639272058333034e+00
-2.842740278702162726e-01
1.278313998065735646e+00
-2.145692813810229360e+00
-1.892854673823383127e+00
-4.294701296037972682e+00
-1.976093180391718107e+00
4.832352254782673384e+00
-4.468437577652643711e+00
1.190490965780571564e+00
-1.655842649299096081e+00
-1.236988086536670028e+00
-3.766066764973385883e+00
-4.916002830525729728e+00
3.398489697045459224e-02
2.432061979364455340e+00
2.067575916687229842e+00
-6.968153844347337866e-01
8.173071005279304302e-01
-4.841872804044439427e+00
-4.383620717571492520e+00
-4.998774838171331503e+00
3.858276106806551198e+00
-3.383468533243982890e+00
1.087328727621322599e+00
-8.020182694276032365e-01
-3.214456072766702643e+00
-1.346267656107573707e+00
-2.240081847216306432e+00
-1.719723269016630862e+00
3.614214156311923887e+00
-3.072985453670127320e+00
-3.746727342455518084e+00
-8.214698965892459626e-01
3.272932763612182328e+00
