-2.742198535661337644e-01
1.188941110078123309e+00
2.360838404222107556e-01
-2.499626471393815663e+00
3.716760754112867104e+00
2.055705090173893801e+00
-1.657028017779973439e-01
-2.710821975945156836e-01
4.948894778958157659e+00
-4.306217732219499439e+00
-1.704751852042790894e+00
4.590170610980333521e+00
4.884395342529675332e+00
3.128397479112340562e+00
1.079327629660653542e+00
-4.955507730921874021e+00
-1.445624533160882130e+00
-3.741839924376467508e+00
-1.874521912976158333e+00
1.008149535417786957e+00
-1.373688291143762008e+00
-2.723537215820131863e+00
-3.844358075083009751e+00
2.476802662070970662e+00
3.829344880354291547e+00
-2.870845133750472566e+00
2.910249566889230977e+00
-2.082022915279440944e+00
-8.242855158126598525e-01
1.330547400977657446e-01
-8.694524103241008106e-03
-2.023978822436709457e+00
-2.252749762173926751e+00
6.214308071114125198e-01
-4.718533771130220877e+00
2.871984222925703989e+00
-2.829456340621011812e+00
-1.994478783394397770e+00
-2.966245843953419836e+00
3.627092243927247495e+00
2.948604641261322712e+00
1.138798035763890937e+00
3.411141768745542535e-01
1.405660942118744927e-01
2.543523642993255507e+00
4.596847610636281445e+00
4.486261596942174634e+00
-1.260070111081531330e+00
-4.621200222386882217e+00
-2.516895252107337555e+00
-2.120463849001863466e+00
1.621742922121277353e+00
-3.397612550768106310e+00
1.723500771076800220e-01
-4.087697771589961171e+00
-1.236705521288201659e+00
-8.514053186516665761e-01
1.166788479087750297e+00
4.088168899299155612e+00
4.207799788541056074e+00
-1.899820229143307504e+00
1.506639272058333034e+00
-2.842740278702162726e-01
-2.859598029882937986e+00
-2.145692813810229360e+00
6.704824878154713730e-01
-2.666797916279484149e+00
-1.976093180391718107e+00
4.832352254782673384e+00
-4.468437577652643711e+00
1.470292797336135493e+00
1.335354924803084486e+00
-4.080831602058546892e+00
3.223200702158147024e+00
-2.188072328831212943e+00
3.546897685232677233e+00
4.955104566889014350e+00
4.742346485384340227e+00
-1.858592724825474107e+00
-4.907180096776459166e+00
-4.739963612649552793e+00
-4.383620717571492520e+00
-4.998774838171331503e+00
-4.171783371113360062e-01
8.358879270015773244e-01
1.087328727621322599e+00
-8.020182694276032365e-01
-3.214456072766702643e+00
1.291146791445506814e+00
-2.240081847216306432e+00
4.128644562555352948e+00
3.614214156311923887e+00
-3.072985453670127320e+00
-3.746727342455518084e+00
-3.988429036435416908e+00
-4.356820595299158327e+00
