-6.598388682767817315e-01
3.577702880455841949e+00
3.101859088480976467e+00
-3.798614808083291550e-01
2.984094817899917373e+00
2.554318453503785946e+00
4.091168855629756962e+00
4.102167604049254734e+00
3.191424405757842919e+00
6.602691950299890422e-01
-1.948749809413148348e+00
-2.898549296641182771e+00
-2.737516579300185438e+00
-2.657465224832611383e-01
1.157284815189155935e+00
1.661621224018615450e+00
3.346017804367848569e+00
-1.800264752575999605e+00
1.012529841458297497e+00
4.509386023541367194e+00
-3.179161447863409151e+00
-9.500722430215704506e-01
1.466180409721141942e+00
-3.830881401093040317e+00
1.586627845384604996e-01
-3.753197295813688328e-01
-4.799340361098542118e+00
1.310113804532267778e+00
-1.426435667584598832e+00
3.917146031837022591e+00
-3.181020955396096639e-01
-2.151621518902386843e+00
-2.345210162611019999e+00
2.084867403902447514e+00
-2.057591153788216332e+00
-4.102246293962208412e-01
3.055285779751290676e+00
-1.241700310882251301e+00
3.492927713165723702e+00
3.763524751294649917e+00
3.679424402403160599e+00
-4.855819640137504223e-02
4.395055311895436745e+00
-3.383090674532844844e+00
6.665596043261645676e-01
3.689335006285235252e+00
1.010718699606627524e-01
2.076634105093235760e+00
3.991717133209998991e+00
3.909619667496311735e+00
2.031491998891646666e+00
1.149862154089111854e-01
4.298590708087886014e+00
4.348313819880898379e+00
3.515857200652979131e+00
-2.120124843102325407e+00
4.263901090977098463e+00
4.057196665244161338e+00
-4.437845920247020182e+00
4.721016532085279493e+00
-1.747399965803389854e+00
-1.928396135393937172e-01
2.143395138019732471e-01
3.199864363009156776e+00
1.386635295396684953e+00
3.158717893035287716e-01
-6.848697530149507884e-01
9.979960919454473611e-01
3.030136138441880789e+00
3.067802485909750132e+00
3.030609920127245616e+00
1.121275390720263943e+00
4.132500107086325869e+00
3.368135945765578398e+00
3.029505127967279776e+00
5.776401730515914323e-01
1.302561624268909313e+00
-8.706483613428463997e-01
1.486243556889629502e+00
5.413605576910516248e-01
4.406798387162355723e+00
-4.363159054693339201e+00
-4.491001012904716205e-01
-4.623141917901493869e+00
1.383369090074965335e+00
4.104797127111455168e+00
-4.445743860395507951e+00
-2.976288182307367247e+00
-3.202207061216075790e+00
-4.026696074180597051e+00
3.455415780357078859e+00
4.969631395501215465e+00
-3.269716013168413316e+00
-4.673628639759730419e-02
-3.802585619918069426e+00
-3.060709867154148611e+00
