-2.284386510127387471e+00
-2.348408842710898448e+00
5.914450370691159975e-02
4.348985560480086221e+00
4.943415570142878579e+00
-2.889146582745350855e+00
2.503151667916300838e+00
-4.302478635417407382e+00
-2.707651206552470491e+00
4.030216436724792572e+00
-3.312638857674165216e+00
1.546237460494670479e+00
-1.119823590864326146e+00
1.510398163707321828e+00
3.180965161506858152e+00
1.290639595227029979e+00
-3.214532695430702969e+00
1.069025262153642686e+00
-5.124050665370365465e-01
-2.254571794989717048e+00
-9.988568658133578637e-01
-2.432763378150389677e+00
8.338067113117890727e-01
-1.943174608037201434e+00
4.457106797784188501e+00
4.782473074918460298e+00
-4.530857393769803565e+00
-2.355450457745444925e+00
3.939493031996244454e+00
-3.628556533548330520e+00
1.057034404614483059e+00
2.444523908157622216e+00
-2.062484781531873423e+00
1.391152712931484459e+00
-3.368152092539127285e+00
1.665877144958626488e+00
1.847214706117224381e+00
2.900470363568087073e+00
3.449942525958585193e+00
2.307274696562998884e+00
2.247837093107253992e+00
2.944396723423363227e+00
-9.621452246580011192e-01
1.697682876086251014e+00
-5.377304454127029842e-01
-9.607000672865506630e-01
3.701118178375596202e+00
-3.886140828731136310e+00
-2.015607277060249558e+00
7.912266490968598021e-01
-4.188594445174560477e+00
1.913472259559997113e+00
3.650062474346650987e+00
2.850154372740322017e+00
-9.624775205407853917e-02
-1.804791511441075080e+00
5.329890009583593269e-02
4.412288815141728548e+00
1.695047073215349087e+00
-4.171220293149171532e+00
1.551261477562193569e+00
-1.613852249524075688e+00
1.817328354275048241e+00
9.233667431455092611e-01
2.928610574427689350e+00
-4.978285218394767675e+00
-3.298683079587614309e+00
2.474948874517939323e+00
-1.040175995178218571e-01
2.899524075528163713e+00
-3.985861797960198238e+00
1.984026243284764845e+00
1.179483798846793441e+00
1.828843969047857954e+00
4.402972344434218144e+00
2.340148763363044893e+00
-4.059757571285430799e+00
2.912202148746104946e+00
2.015260312771892437e+00
4.852887077628885493e+00
-2.158637990174320009e+00
-3.619783028401195590e+00
3.181214920087896303e+00
-6.470378890952188655e-01
4.666644036288133179e+00
4.277521142058727577e+00
3.891210846795562617e+00
4.704334638954438930e+00
3.961682000676235660e+00
1.039883352814583439e+00
2.425517979662346946e+00
4.643906307259658917e+00
2.980786640329964321e+00
-3.204726766137090621e+00
-1.508300844537688867e+00
1.667798974797848999e+00
